# C(54,19,4) <= 121: weighted blow-up of PG(4,3) hyperplanes (blowscan2.py); weights in build log
2 7 12 15 21 26 28 33 34 36 37 39 41 42 44 47 49 51 52
7 8 9 12 13 17 18 19 24 26 27 31 33 37 38 42 43 47 48
0 1 4 5 7 10 12 16 22 25 26 29 32 33 37 42 46 47 53
0 3 6 7 11 12 14 20 23 26 30 33 35 37 40 42 45 47 50
0 1 7 8 9 10 11 19 20 21 22 23 31 32 42 43 44 45 46
0 1 2 3 4 5 6 7 8 9 10 11 17 21 29 38 40 42 44
0 3 5 7 13 14 16 18 21 24 25 27 30 35 42 44 48 50 53
0 5 6 7 8 9 15 16 19 25 31 36 39 40 42 43 51 52 53
1 3 7 10 14 15 17 22 30 32 35 36 38 39 42 46 50 51 52
0 4 7 11 13 15 18 20 23 24 27 29 36 39 42 45 48 51 52
2 3 4 7 8 9 14 19 28 29 30 31 34 35 41 42 43 49 50
0 1 2 5 7 11 16 17 20 23 25 28 34 38 41 42 45 49 53
1 2 6 7 10 13 18 22 24 27 28 32 34 40 41 42 46 48 49
0 1 2 3 4 5 6 19 20 21 22 23 24 25 26 27 28 29 30
0 1 2 3 4 5 6 7 8 9 10 11 18 21 26 28 45 48 50
0 2 8 10 13 14 16 17 21 26 28 31 32 35 38 40 43 46 53
0 10 11 15 16 19 24 26 27 32 36 41 44 45 46 49 50 52 53
1 4 5 9 14 15 18 22 25 26 29 35 36 40 41 44 48 49 52
0 3 6 8 13 15 17 20 23 26 30 31 36 38 41 43 44 49 52
0 1 2 3 4 5 6 7 8 14 19 24 26 27 34 35 39 40 51
0 1 3 6 9 10 16 18 20 23 26 30 32 34 39 46 48 51 53
1 4 5 8 11 13 17 22 25 26 29 31 34 38 39 43 45 50 51
0 1 17 18 19 20 21 22 23 37 38 39 40 41 47 48 49 50 51
0 4 6 9 11 13 14 16 21 29 35 37 39 41 45 47 49 51 53
3 5 8 10 21 24 25 27 30 31 32 37 39 41 43 46 47 49 51
5 6 10 11 14 17 18 19 25 32 34 35 37 38 44 45 46 47 48
0 1 2 3 4 5 6 7 8 9 10 11 13 22 30 34 37 44 47
0 1 4 8 16 20 23 24 27 29 31 34 37 40 43 44 47 50 53
0 2 3 4 15 16 17 18 19 28 29 30 36 37 38 47 48 52 53
0 2 5 9 10 13 15 20 23 25 28 32 36 37 40 46 47 50 52
1 2 6 8 11 14 15 22 24 27 28 31 35 36 37 43 45 47 52
0 1 2 12 13 14 15 16 19 20 21 22 23 33 34 35 36 52 53
3 5 9 11 12 15 17 21 24 25 27 30 33 34 36 38 40 45 52
4 6 8 10 12 15 18 21 29 31 32 33 34 36 43 46 48 50 52
2 3 4 10 11 12 13 19 28 29 30 32 33 39 40 44 45 46 51
0 1 2 6 9 12 16 17 22 24 27 28 33 38 39 44 50 51 53
0 2 5 8 12 14 18 20 23 25 28 31 33 35 39 43 44 48 51
0 1 2 3 4 5 6 7 8 9 10 12 13 19 25 33 41 49 50
0 4 9 10 12 14 17 20 23 24 27 29 32 33 35 38 41 46 49
0 1 3 8 11 12 16 18 22 30 31 33 40 41 43 45 48 49 53
0 1 2 3 4 5 6 7 8 9 10 11 12 13 14 15 16 17 18
0 1 2 3 4 5 6 7 8 9 10 12 15 23 27 30 43 46 53
0 2 7 12 15 19 20 22 24 25 29 31 32 35 38 40 45 48 50
0 7 8 9 12 13 17 18 21 22 23 25 28 29 30 32 36 41 51
1 4 5 7 10 12 16 20 21 27 28 35 36 40 41 43 45 50 51
0 3 6 7 11 12 14 19 21 24 28 31 36 38 41 46 48 51 53
7 8 9 12 13 17 18 20 34 35 39 40 44 45 46 49 50 52 53
0 1 3 6 7 11 12 14 22 25 27 29 32 34 39 43 44 49 52
1 4 5 7 10 12 16 19 23 24 30 31 34 38 39 44 48 49 52
0 1 7 8 9 10 11 26 27 28 29 30 37 38 39 40 41 52 53
0 4 6 7 17 23 24 25 26 28 35 37 39 41 43 46 48 50 52
3 5 7 13 14 16 18 19 20 22 26 28 31 32 37 39 41 45 52
5 6 7 8 9 15 16 21 22 23 26 27 32 34 35 37 38 49 50
1 3 7 10 14 15 17 20 21 24 26 29 34 37 43 45 48 49 53
0 1 4 7 11 13 15 18 19 21 25 26 30 31 34 37 40 46 49
0 2 3 4 7 8 9 14 20 25 26 27 36 37 38 44 45 46 51
0 2 5 7 11 16 17 22 24 26 30 32 36 37 40 43 44 48 51
1 2 6 7 10 13 18 19 23 26 29 31 35 36 37 44 50 51 53
0 1 2 7 8 9 10 11 24 25 33 34 35 36 47 48 49 50 51
3 5 7 13 14 16 18 23 29 33 34 36 38 40 43 46 47 49 51
4 6 7 17 19 20 22 27 30 31 32 33 34 36 45 47 49 51 53
2 3 4 7 8 9 14 21 22 23 24 32 33 39 40 47 48 52 53
0 1 2 6 7 10 13 18 20 21 25 30 33 38 39 43 45 47 52
0 2 5 7 11 16 17 19 21 27 29 31 33 35 39 46 47 50 52
5 6 7 8 9 15 16 20 24 28 29 30 33 41 44 45 46 47 48
0 4 7 11 13 15 18 22 28 32 33 35 38 41 43 44 47 50 53
0 1 3 7 10 14 15 17 19 23 25 27 28 31 33 40 41 44 47
0 1 2 3 4 5 6 42 43 44 45 46 47 48 49 50 51 52 53
0 2 9 11 18 23 27 30 31 32 35 38 40 42 44 47 49 51 52
2 8 10 13 14 16 17 19 20 22 24 25 29 42 44 47 49 51 52
10 11 15 16 21 22 23 25 28 29 30 34 35 39 40 42 43 47 48
1 4 5 9 14 15 18 20 21 27 28 31 34 38 39 42 46 47 53
0 1 3 6 8 13 15 17 19 21 24 28 32 34 39 42 45 47 50
0 1 2 3 4 5 6 7 8 9 14 20 32 36 41 42 43 47 48
0 3 6 9 10 16 18 22 25 27 29 31 36 38 41 42 45 47 50
1 4 5 8 11 13 17 19 23 24 30 35 36 40 41 42 46 47 53
0 1 2 17 18 26 27 28 29 30 33 34 35 36 42 43 44 45 46
4 6 9 11 13 14 16 23 24 25 26 28 31 32 33 34 36 42 44
3 5 8 10 19 20 22 26 28 33 34 36 38 40 42 44 48 50 53
5 6 10 11 14 17 18 21 22 23 26 27 33 41 42 43 51 52 53
0 1 3 9 13 20 21 24 26 29 31 33 40 41 42 46 50 51 52
0 4 8 16 19 21 25 26 30 32 33 35 38 41 42 45 48 51 52
2 3 4 15 16 17 18 20 25 26 27 32 33 39 40 42 43 49 50
0 2 5 9 10 13 15 22 24 26 30 31 33 35 39 42 45 49 53
0 1 2 6 8 11 14 15 19 23 26 29 33 38 39 42 46 48 49
0 1 12 13 14 15 16 24 25 37 38 39 40 41 42 43 44 45 46
3 5 9 11 12 15 17 23 29 31 32 37 39 41 42 44 48 50 53
0 4 6 8 10 12 15 18 19 20 22 27 30 35 37 39 41 42 44
0 2 3 4 10 11 12 13 21 22 23 24 36 37 38 42 43 49 50
1 2 6 9 12 16 17 20 21 25 30 31 35 36 37 42 46 48 49
0 2 5 8 12 14 18 19 21 27 29 32 36 37 40 42 45 49 53
5 6 12 13 20 24 28 29 30 32 34 35 37 38 42 43 51 52 53
0 1 4 9 10 12 14 17 22 28 31 34 37 40 42 45 48 51 52
1 3 8 11 12 16 18 19 23 25 27 28 34 37 42 46 50 51 52
0 1 2 3 4 5 6 7 31 32 33 34 35 36 37 38 39 40 41
2 8 10 13 14 16 17 23 27 30 33 34 36 37 39 41 45 48 50
2 9 11 18 19 20 22 24 25 29 33 34 36 37 39 41 43 46 53
14 21 22 23 25 28 29 30 31 33 37 38 44 45 46 49 50 52 53
0 1 4 5 8 11 13 17 20 21 27 28 32 33 37 44 48 49 52
0 3 6 9 10 16 18 19 21 24 28 33 35 37 40 43 44 49 52
0 1 2 3 4 5 6 7 8 10 11 15 16 20 31 33 37 38 51
0 3 6 8 13 15 17 22 25 27 29 33 35 37 40 46 48 51 53
0 1 4 5 9 14 15 18 19 23 24 30 32 33 37 43 45 50 51
0 1 12 13 14 15 16 26 27 28 29 30 31 32 47 48 49 50 51
4 6 8 10 12 15 18 23 24 25 26 28 38 40 45 47 49 51 53
0 3 5 9 11 12 15 17 19 20 22 26 28 35 43 46 47 49 51
0 5 6 12 13 21 22 23 26 27 31 36 39 40 44 45 46 47 48
1 3 8 11 12 16 18 20 21 24 26 29 32 35 36 38 39 44 47
0 4 9 10 12 14 17 19 21 25 26 30 36 39 43 44 47 50 53
2 3 4 10 11 12 13 20 25 26 27 31 34 35 41 47 48 52 53
0 1 2 5 8 12 14 18 22 24 26 30 34 38 41 46 47 50 52
1 2 6 9 12 16 17 19 23 26 29 32 34 40 41 43 45 47 52
0 1 2 3 4 5 6 7 8 9 10 17 18 24 25 31 32 52 53
0 1 2 3 4 5 6 7 8 9 10 11 12 13 23 29 35 45 52
4 6 9 11 13 14 16 19 20 22 27 30 38 40 43 46 48 50 52
2 3 4 15 16 17 18 21 22 23 24 31 34 35 41 44 45 46 51
1 2 6 8 11 14 15 20 21 25 30 32 34 40 41 44 50 51 53
0 1 2 5 9 10 13 15 19 21 27 29 34 38 41 43 44 48 51
0 5 6 10 11 14 17 18 20 24 28 29 30 31 36 39 40 49 50
0 1 2 3 4 5 6 7 8 9 10 11 16 22 28 36 39 46 49
1 3 9 13 19 23 25 27 28 32 35 36 38 39 43 45 48 49 53
