# C(55,19,4) <= 121: weighted blow-up of PG(4,3) hyperplanes (blowscan2.py); weights in build log
1 4 9 13 19 22 25 28 30 32 35 37 41 42 44 45 47 50 52
0 7 8 11 12 15 16 20 21 27 31 32 33 34 39 40 43 48 49
0 1 2 3 4 5 6 7 8 9 10 14 18 24 26 32 38 46 53
0 1 2 3 4 5 6 7 8 9 10 11 17 23 29 32 36 51 54
0 1 2 3 4 5 6 7 8 9 10 11 12 19 31 43 44 45 46
3 6 9 12 14 15 17 19 21 24 27 29 34 39 44 45 48 51 53
0 2 5 9 11 16 18 19 20 23 26 33 36 38 40 44 45 49 54
4 5 6 7 8 17 18 25 26 28 29 31 37 38 41 43 47 50 51
2 4 12 15 21 23 25 27 28 34 36 37 39 41 46 47 48 50 54
0 3 4 10 11 14 16 20 24 25 28 33 37 40 41 47 49 50 53
1 2 3 7 8 13 14 22 23 24 30 31 35 36 42 43 52 53 54
1 5 10 12 13 15 18 21 22 26 27 30 34 35 38 39 42 48 52
0 1 6 11 13 16 17 20 22 29 30 33 35 40 42 46 49 51 52
0 1 2 3 4 5 6 19 20 21 22 23 24 25 26 27 28 29 30
1 4 8 12 14 16 18 19 22 25 28 30 34 40 43 46 48 51 53
1 4 7 10 11 15 17 19 22 25 28 30 31 33 36 38 39 49 54
0 1 2 3 4 5 6 7 8 9 20 21 27 37 38 42 44 50 51
3 5 8 10 12 16 17 24 26 34 36 37 40 42 43 44 48 50 54
2 6 7 11 14 15 18 23 29 31 33 37 39 42 44 46 49 50 53
0 9 10 13 14 17 18 20 21 27 35 36 41 45 46 47 52 53 54
2 6 8 9 12 13 16 23 29 34 35 38 40 41 43 45 47 48 52
3 5 7 9 11 13 15 24 26 31 33 35 39 41 45 47 49 51 52
0 1 2 3 4 5 6 7 8 15 16 17 18 19 39 40 41 42 47
3 6 8 11 19 21 24 27 29 33 36 38 41 42 43 46 47 49 54
0 2 5 7 10 12 14 19 20 23 26 31 34 41 42 47 48 51 53
4 5 6 13 14 15 16 25 26 28 29 35 36 39 40 44 52 53 54
2 4 8 10 11 13 18 21 23 25 27 28 33 35 43 44 49 51 52
0 3 4 7 12 13 17 20 24 25 28 31 34 35 38 44 46 48 52
1 2 3 9 10 15 16 22 23 24 30 37 38 39 40 45 46 50 51
1 5 8 9 11 14 17 21 22 26 27 30 33 37 43 45 49 50 53
0 1 6 7 9 12 18 20 22 29 30 31 34 36 37 45 48 50 54
11 12 13 14 19 32 33 34 35 36 37 38 48 49 50 51 52 53 54
0 2 5 8 13 15 17 19 20 23 26 32 35 37 39 43 46 50 52
3 6 7 10 13 16 18 19 21 24 27 29 31 32 35 37 40 50 52
1 2 3 11 12 17 18 22 23 24 30 32 33 34 41 44 47 48 49
0 1 6 8 10 14 15 20 22 29 30 32 38 39 41 43 44 47 53
1 5 7 16 21 22 26 27 30 31 32 36 40 41 44 46 47 51 54
4 5 6 9 10 11 12 25 26 28 29 32 33 34 42 45 46 48 49
0 3 4 8 9 15 18 20 24 25 28 32 36 39 42 43 45 51 54
2 4 7 9 14 16 17 21 23 25 27 28 31 32 38 40 42 45 53
0 1 2 3 4 5 6 7 8 9 10 11 12 13 14 15 16 17 18
0 1 2 3 4 5 6 7 8 9 10 11 13 21 24 34 40 49 54
1 4 9 13 20 23 26 27 29 31 33 36 38 39 43 46 48 51 53
0 7 8 11 12 15 16 25 26 30 37 38 42 45 46 47 52 53 54
3 5 14 18 21 23 25 29 30 34 36 37 40 42 45 47 49 51 52
2 6 10 17 20 24 25 27 30 31 33 37 39 42 43 45 47 48 52
0 7 8 11 12 15 16 19 22 23 24 28 29 35 36 41 44 50 51
2 6 10 17 19 21 22 26 28 34 35 38 40 41 44 46 49 50 53
3 5 14 18 19 20 22 27 28 31 33 35 39 41 43 44 48 50 54
7 8 9 10 27 28 29 30 39 40 41 42 48 49 50 51 52 53 54
3 6 9 12 14 15 17 20 23 26 28 30 33 36 38 41 42 50 52
0 2 5 9 11 16 18 21 24 28 30 31 34 41 42 43 46 50 52
4 5 6 7 8 17 18 22 23 24 27 35 36 39 40 45 46 48 49
0 1 2 3 4 5 6 7 8 9 10 12 15 20 22 33 35 45 53
0 3 4 10 11 14 16 21 22 26 29 31 34 35 38 43 45 51 54
1 2 3 7 8 13 14 19 25 26 27 37 38 39 40 44 47 48 49
1 5 10 12 13 15 18 19 20 24 25 29 33 37 44 46 47 51 54
0 1 6 11 13 16 17 19 21 23 25 31 34 36 37 43 44 47 53
7 8 9 10 20 21 22 23 24 25 26 32 33 34 35 36 37 38 47
0 2 5 9 11 16 18 22 25 27 29 32 35 37 39 47 48 51 53
3 6 9 12 14 15 17 22 25 31 32 35 37 40 43 46 47 49 54
1 2 3 7 8 13 14 20 21 28 29 32 33 34 41 45 46 50 51
0 1 6 11 13 16 17 24 26 27 28 32 38 39 41 45 48 50 54
1 5 10 12 13 15 18 23 28 31 32 36 40 41 43 45 49 50 53
4 5 6 7 8 17 18 19 20 21 30 32 33 34 42 44 52 53 54
0 3 4 10 11 14 16 19 23 27 30 32 36 39 42 44 46 48 52
2 4 12 15 19 24 26 29 30 31 32 38 40 42 43 44 49 51 52
0 1 2 3 4 5 6 43 44 45 46 47 48 49 50 51 52 53 54
1 4 8 12 14 16 18 21 24 31 33 36 38 39 44 45 47 50 52
1 4 7 10 11 15 17 20 23 26 27 29 34 40 44 45 47 50 52
0 1 2 3 4 5 6 7 8 9 25 26 30 35 36 41 43 48 49
3 5 8 10 12 16 17 21 23 25 29 30 31 33 35 39 41 46 53
2 6 7 11 14 15 18 20 24 25 27 30 34 35 38 40 41 51 54
0 9 10 13 14 17 18 19 22 23 24 28 29 37 38 42 43 48 49
2 6 8 9 12 13 16 19 21 22 26 28 31 33 37 39 42 51 54
3 5 7 9 11 13 15 19 20 22 27 28 34 36 37 40 42 46 53
15 16 17 18 27 28 29 30 32 33 34 35 36 37 38 43 44 45 46
3 6 8 11 20 23 26 28 30 31 32 35 37 40 44 45 48 51 53
0 2 5 7 10 12 14 21 24 28 30 32 35 37 39 44 45 49 54
4 5 6 13 14 15 16 22 23 24 27 32 33 34 42 43 47 50 51
2 4 8 10 11 13 18 20 22 31 32 38 40 42 46 47 48 50 54
0 3 4 7 12 13 17 21 22 26 29 32 36 39 42 47 49 50 53
1 2 3 9 10 15 16 19 25 26 27 32 33 34 41 43 52 53 54
1 5 8 9 11 14 17 19 20 24 25 29 31 32 36 40 41 48 52
0 1 6 7 9 12 18 19 21 23 25 32 38 39 41 46 49 51 52
11 12 13 14 20 21 22 23 24 25 26 39 40 41 42 43 44 45 46
0 2 5 8 13 15 17 22 25 27 29 31 34 41 42 44 45 49 54
3 6 7 10 13 16 18 22 25 33 36 38 41 42 44 45 48 51 53
1 2 3 11 12 17 18 20 21 28 29 37 38 39 40 43 52 53 54
0 1 6 8 10 14 15 24 26 27 28 31 34 36 37 46 49 51 52
0 1 2 3 4 5 6 7 8 9 10 11 16 23 28 33 37 48 52
4 5 6 9 10 11 12 19 20 21 30 35 36 39 40 43 47 50 51
0 3 4 8 9 15 18 19 23 27 30 31 34 35 38 47 49 50 53
2 4 7 9 14 16 17 19 24 26 29 30 33 35 46 47 48 50 54
0 1 2 3 4 5 6 31 32 33 34 35 36 37 38 39 40 41 42
1 4 7 10 11 15 17 21 24 32 35 37 41 42 43 46 48 51 53
1 4 8 12 14 16 18 20 23 26 27 29 32 35 37 41 42 49 54
0 9 10 13 14 17 18 25 26 30 31 32 33 34 39 40 44 50 51
3 5 7 9 11 13 15 21 23 25 29 30 32 38 43 44 48 50 54
2 6 8 9 12 13 16 20 24 25 27 30 32 36 44 46 49 50 53
0 19 22 23 24 28 29 31 32 33 34 39 40 45 46 47 52 53 54
2 6 7 11 14 15 18 19 21 22 26 28 32 36 43 45 47 48 52
3 5 8 10 12 16 17 19 20 22 27 28 32 38 45 47 49 51 52
0 1 2 3 4 5 6 7 8 11 12 13 14 27 28 29 30 31 47
3 6 7 10 13 16 18 20 23 26 28 30 34 39 43 46 47 49 54
0 2 5 8 13 15 17 21 24 28 30 33 36 38 40 47 48 51 53
4 5 6 9 10 11 12 22 23 24 27 31 37 38 41 44 52 53 54
2 4 7 9 14 16 17 20 22 34 36 37 39 41 43 44 49 51 52
0 3 4 8 9 15 18 21 22 26 29 33 37 40 41 44 46 48 52
1 2 3 11 12 17 18 19 25 26 27 31 35 36 42 45 46 50 51
1 5 7 16 19 20 24 25 29 34 35 38 39 42 43 45 49 50 53
0 1 6 8 10 14 15 19 21 23 25 33 35 40 42 45 48 50 54
15 16 17 18 20 21 22 23 24 25 26 31 48 49 50 51 52 53 54
0 2 5 7 10 12 14 22 25 27 29 33 36 38 40 43 46 50 52
0 1 2 3 4 5 6 7 8 9 10 11 12 22 25 34 39 50 52
1 2 3 9 10 15 16 20 21 28 29 31 35 36 42 44 47 48 49
0 1 6 7 9 12 18 24 26 27 28 33 35 40 42 43 44 47 53
1 5 8 9 11 14 17 23 28 34 35 38 39 42 44 46 47 51 54
4 5 6 13 14 15 16 19 20 21 30 31 37 38 41 45 46 48 49
0 3 4 7 12 13 17 19 23 27 30 33 37 40 41 43 45 51 54
2 4 8 10 11 13 18 19 24 26 29 30 34 36 37 39 41 45 53
