# C(64,14,3) <= 156: weighted blow-up of PG(3,5) hyperplanes (blowscan2.py); weights in build log
4 6 7 9 10 17 18 20 25 46 53 56 61 62
0 3 9 10 11 20 21 22 31 32 33 42 53 54
8 9 10 15 19 20 24 26 28 45 48 50 51 53
2 9 10 12 20 23 35 39 40 44 47 53 57 58
5 9 10 13 14 20 27 36 37 41 49 53 55 60
1 9 10 16 20 29 30 34 38 43 52 53 59 63
0 1 2 9 10 11 12 13 14 15 16 17 18 19
9 10 17 18 24 27 29 30 33 36 42 44 48 58
9 10 17 18 21 23 41 43 47 50 51 54 55 59
3 9 10 17 18 22 26 34 37 39 40 45 49 52
5 8 9 10 17 18 28 31 32 35 38 57 60 63
0 7 8 9 10 11 28 29 30 39 40 41 46 55
7 9 10 15 19 33 35 37 42 43 46 49 57 59
2 5 7 9 10 12 21 24 34 46 48 52 54 60
3 7 9 10 13 14 22 38 44 46 50 51 58 63
1 7 9 10 16 23 26 27 31 32 36 45 46 47
0 4 5 9 10 11 25 26 43 44 45 58 59 60
4 8 9 10 13 14 23 25 28 33 34 42 47 52
4 9 10 15 19 21 25 27 36 38 39 40 54 63
1 3 4 9 10 16 22 24 25 35 41 48 55 57
2 4 9 10 12 25 29 30 31 32 37 49 50 51
0 6 9 10 11 27 34 35 36 50 51 52 56 57
2 6 9 10 12 26 33 38 41 42 45 55 56 63
1 6 8 9 10 16 21 28 37 44 49 54 56 58
3 5 6 9 10 15 19 22 23 29 30 47 56 60
6 9 10 13 14 24 31 32 39 40 43 48 56 59
0 9 10 11 23 24 37 38 47 48 49 61 62 63
1 5 9 10 16 33 39 40 42 50 51 60 61 62
9 10 13 14 21 26 29 30 35 45 54 57 61 62
2 3 8 9 10 12 22 27 28 36 43 59 61 62
9 10 15 19 31 32 34 41 44 52 55 58 61 62
0 1 2 3 4 5 6 7 8 9 10 11 12 13
4 6 7 24 27 29 30 41 45 49 52 57 60 63
4 6 7 12 15 21 23 31 32 35 38 42 44 48
4 6 7 11 13 14 16 22 26 33 36 54 55 59
4 6 7 19 28 34 37 39 40 43 47 50 51 58
0 3 17 18 19 28 29 30 50 51 52 61 62 63
8 13 14 17 18 36 38 39 40 47 55 58 61 62
2 16 17 18 21 24 31 32 37 42 45 59 61 62
5 11 15 17 18 22 33 34 43 48 54 57 61 62
1 12 17 18 23 26 27 35 41 44 49 60 61 62
0 1 2 3 4 5 6 25 26 37 38 46 56 57
5 12 16 19 23 25 28 35 44 46 50 51 56 59
8 21 25 27 31 32 34 41 42 43 46 49 56 60
1 11 22 24 25 33 39 40 45 46 47 54 56 58
2 13 14 15 25 29 30 36 46 48 52 55 56 63
0 3 15 16 27 39 40 41 47 48 49 58 59 60
0 1 2 3 4 5 6 7 8 9 10 26 34 43
1 13 14 19 21 28 31 32 36 42 50 51 55 57
8 11 12 22 23 29 30 33 35 37 44 52 54 63
0 1 2 3 4 5 6 7 8 9 10 24 38 45
0 3 12 13 14 23 24 34 35 36 43 44 45 55
0 1 2 3 4 5 6 7 8 9 10 15 37 48
5 21 26 29 30 31 32 39 40 42 47 52 58 63
2 11 19 22 27 28 33 38 41 49 50 51 54 60
0 1 2 3 4 5 6 7 8 9 10 16 57 59
0 1 2 53 54 55 56 57 58 59 60 61 62 63
22 26 31 32 35 38 43 47 50 51 53 56 61 62
12 15 24 27 29 30 34 37 39 40 53 56 61 62
3 11 13 14 16 28 41 42 44 48 53 56 61 62
5 8 19 21 23 33 36 45 49 52 53 56 61 62
0 7 8 17 18 19 27 37 38 43 44 45 53 54
7 13 14 17 18 22 23 29 30 31 32 34 41 53
2 5 7 16 17 18 26 36 49 50 51 53 57 58
3 7 11 15 17 18 24 35 42 47 52 53 55 60
1 7 12 17 18 21 28 33 39 40 48 53 59 63
0 4 5 28 29 30 34 35 36 47 48 49 53 54
4 8 12 16 19 22 31 32 39 40 45 53 55 60
0 1 2 3 4 5 6 7 8 9 10 44 52 53
1 3 4 11 23 26 27 37 42 50 51 53 59 63
2 4 13 14 15 21 24 33 38 41 43 53 57 58
0 1 2 3 4 5 6 15 16 23 24 46 53 54
2 6 22 27 28 31 32 37 46 48 52 53 57 58
1 6 8 13 14 19 35 41 45 46 47 53 59 63
3 5 6 11 12 36 38 39 40 42 43 46 49 53
6 21 26 29 30 33 34 44 46 50 51 53 55 60
0 12 13 14 25 26 39 40 41 50 51 52 53 54
1 5 15 22 24 25 31 32 36 44 49 53 59 63
0 1 2 3 4 23 25 28 38 43 48 53 55 60
2 3 8 11 19 25 29 30 34 42 45 53 57 58
0 1 2 3 4 16 21 25 27 33 35 37 47 53
0 1 2 31 32 33 34 35 36 37 38 39 40 41
0 1 2 3 4 5 6 7 8 9 10 21 23 58
0 1 2 3 4 12 15 28 45 49 52 54 55 59
5 8 11 13 14 16 24 27 29 30 43 47 50 51
0 1 2 3 4 19 22 26 42 44 48 57 60 63
0 6 17 18 19 25 26 31 32 33 47 48 49 55
3 5 6 13 14 17 18 21 25 27 44 52 57 59
2 6 16 17 18 25 29 30 35 39 40 43 54 60
6 11 15 17 18 23 25 28 36 37 41 45 58 63
1 6 8 12 17 18 22 24 25 34 38 42 50 51
0 7 8 23 24 31 32 33 50 51 52 58 59 60
3 7 12 16 19 21 26 29 30 36 37 41 43 48
0 1 2 3 4 5 6 7 8 9 10 47 54 63
0 1 2 3 4 5 7 11 34 38 44 49 55 57
2 5 7 13 14 15 22 27 28 35 39 40 42 45
0 15 16 28 29 30 31 32 33 43 44 45 56 57
2 3 8 21 24 35 39 40 49 50 51 55 56 63
1 5 13 14 19 23 26 27 34 38 48 54 56 58
0 1 2 3 4 5 6 7 8 9 11 12 56 60
0 1 2 3 4 22 36 37 41 42 47 52 56 59
0 4 5 12 13 14 27 31 32 33 46 61 62 63
1 3 4 15 21 28 34 38 45 46 47 60 61 62
4 8 24 36 37 41 44 46 50 51 54 57 61 62
2 4 11 19 26 35 39 40 46 48 52 59 61 62
4 16 22 23 29 30 42 43 46 49 55 58 61 62
0 1 2 42 43 44 45 46 47 48 49 50 51 52
0 1 2 3 4 5 6 7 8 9 28 33 36 46
0 1 2 3 4 5 8 12 15 22 26 41 46 58
11 13 14 16 21 23 34 37 39 40 46 57 60 63
3 19 24 27 29 30 31 32 35 38 46 54 55 59
0 4 5 17 18 19 23 24 39 40 41 42 56 57
4 13 14 17 18 33 35 37 45 48 50 51 56 60
2 4 16 17 18 22 27 28 34 44 47 55 56 63
4 8 11 15 17 18 21 26 29 30 38 49 56 59
1 3 4 12 17 18 31 32 36 43 52 54 56 58
0 1 2 3 4 5 6 7 8 9 10 27 42 55
0 1 2 3 4 12 16 19 24 33 34 49 58 63
22 23 29 30 36 38 39 40 45 48 50 51 57 59
0 1 2 3 4 5 6 11 21 28 35 41 43 52
2 3 8 13 14 15 26 31 32 37 44 47 54 60
0 7 8 15 16 25 26 34 35 36 42 61 62 63
2 5 7 25 29 30 33 38 41 44 47 59 61 62
1 7 13 14 19 22 24 25 37 43 52 60 61 62
7 11 12 21 25 27 45 48 50 51 55 58 61 62
3 7 23 25 28 31 32 39 40 49 54 57 61 62
0 6 12 13 14 28 29 30 37 38 42 58 59 60
1 6 8 15 23 26 27 33 39 40 43 52 55 57
0 1 2 3 4 5 6 7 8 9 10 22 35 49
0 1 2 3 4 5 6 11 19 21 24 36 44 47
3 5 6 16 31 32 34 41 45 48 50 51 54 63
0 1 2 20 21 22 23 24 25 26 27 28 29 30
5 8 20 25 34 37 39 40 42 44 48 54 55 59
3 12 15 20 25 33 36 43 47 50 51 57 60 63
11 13 14 16 20 25 31 32 35 38 45 49 52 58
0 1 2 3 4 5 6 7 8 9 19 20 25 41
0 17 18 19 20 21 22 34 35 36 46 58 59 60
13 14 17 18 20 24 26 28 42 43 46 49 54 63
2 3 8 16 17 18 20 23 33 38 41 46 48 52
11 15 17 18 20 27 31 32 39 40 44 46 50 51
1 5 12 17 18 20 29 30 37 45 46 47 55 57
0 6 20 21 22 39 40 41 43 44 45 61 62 63
6 12 16 19 20 27 38 42 47 52 54 57 61 62
3 5 6 20 24 26 28 33 35 37 55 58 61 62
1 6 8 11 20 29 30 31 32 36 48 60 61 62
2 6 13 14 15 20 23 34 49 50 51 59 61 62
0 4 5 15 16 20 21 22 37 38 50 51 52 55
0 1 2 3 4 5 6 20 23 36 42 45 54 60
1 3 4 13 14 19 20 29 30 33 39 40 44 49
4 11 12 20 24 26 28 31 32 34 41 47 57 59
0 1 2 3 4 5 8 20 27 35 43 48 58 63
0 7 8 12 13 14 20 21 22 47 48 49 56 57
1 7 15 20 29 30 35 41 42 50 51 54 56 58
0 1 2 3 4 5 7 20 27 33 34 45 56 59
2 5 7 11 19 20 23 31 32 37 43 55 56 63
7 16 20 24 26 28 36 38 39 40 44 52 56 60
