# C(65,23,4) <= 121: weighted blow-up of PG(4,3) hyperplanes (blowscan2.py); weights in build log
0 1 2 3 4 5 6 7 8 9 10 13 14 26 31 38 41 43 48 50 53 59 63
0 1 2 6 7 13 14 15 16 21 26 27 31 33 34 35 41 42 48 49 56 60 61
4 5 10 12 13 14 17 18 23 26 29 30 31 41 45 46 48 51 52 54 58 62 64
8 11 13 14 19 20 22 24 25 26 28 31 32 36 37 39 40 41 44 47 48 55 57
0 6 7 8 9 10 14 15 16 17 18 19 20 31 32 48 49 50 51 52 53 54 55
2 4 9 14 23 24 25 27 28 30 31 35 39 40 42 44 46 48 50 53 58 60 64
1 5 9 11 12 14 21 22 29 31 33 34 36 37 45 47 48 50 53 56 57 61 62
0 5 6 7 12 14 15 16 24 25 28 29 31 38 39 40 43 44 45 48 49 59 62
2 10 11 14 17 18 22 27 31 35 36 37 38 42 43 47 48 51 52 54 57 59 60
1 4 8 14 19 20 21 23 30 31 32 33 34 38 43 46 48 55 56 58 59 61 64
0 3 4 6 7 11 14 15 16 22 23 30 31 36 37 46 47 48 49 57 58 63 64
0 1 2 3 4 5 8 12 14 19 20 27 29 31 32 35 42 45 48 55 60 62 63
1 3 10 14 17 18 21 24 25 28 31 33 34 39 40 44 48 51 52 54 56 61 63
0 1 2 3 4 5 14 15 16 17 18 19 20 21 22 23 24 25 26 27 28 29 30
0 1 2 3 4 5 6 7 8 9 10 14 26 35 39 40 45 47 54 56 57 60 64
3 6 8 10 11 12 14 26 32 33 34 36 37 42 44 46 49 51 52 55 58 61 62
0 1 2 9 10 12 14 15 16 21 26 27 38 39 40 46 47 50 51 52 57 58 62
4 5 7 8 9 11 14 17 18 23 26 29 30 32 35 36 37 38 44 50 55 56 60
0 1 2 6 9 14 19 20 22 24 25 26 28 33 34 38 42 45 49 50 54 61 64
0 1 2 8 11 14 15 16 21 26 27 32 36 37 43 44 45 53 54 55 59 63 64
7 10 12 14 19 20 22 24 25 26 28 35 43 46 51 52 53 56 58 59 60 62 63
4 5 6 14 17 18 23 26 29 30 33 34 39 40 42 43 47 49 53 57 59 61 63
0 1 2 3 13 14 15 16 17 18 19 20 41 42 43 44 45 46 47 56 57 58 59
2 4 7 11 12 13 14 23 24 25 27 28 30 33 34 36 37 41 43 54 59 61 62
1 5 6 8 10 13 14 21 22 29 32 35 39 40 41 43 49 51 52 55 59 60 64
0 5 9 10 11 13 14 15 16 24 25 28 29 36 37 41 42 50 51 52 56 63 64
2 7 8 9 13 14 17 18 22 27 32 33 34 39 40 41 45 46 50 55 58 61 63
1 4 6 9 12 13 14 19 20 21 23 30 35 41 44 47 49 50 54 57 60 62 63
0 3 4 8 12 13 14 15 16 22 23 30 32 38 39 40 41 42 53 54 55 56 62
2 3 5 7 10 13 14 19 20 27 29 33 34 38 41 44 47 51 52 53 57 61 64
1 3 6 11 13 14 17 18 21 24 25 28 35 36 37 38 41 45 46 49 53 58 60
0 11 12 14 15 16 17 18 19 20 33 34 35 36 37 38 39 40 60 61 62 63 64
0 1 2 3 4 5 6 7 8 9 10 11 14 21 22 29 38 42 44 46 54 58 63
2 4 6 8 10 14 23 24 25 27 28 30 32 38 45 47 49 51 52 55 56 57 63
0 3 4 9 10 14 15 16 22 23 30 33 34 35 43 44 45 50 51 52 59 60 61
1 3 7 8 9 12 14 17 18 21 24 25 28 32 42 43 47 50 55 57 59 62 64
2 3 5 6 9 11 14 19 20 27 29 36 37 39 40 43 46 49 50 54 56 58 59
0 5 8 14 15 16 24 25 28 29 32 33 34 35 46 47 53 54 55 57 58 60 61
0 1 2 3 4 7 10 11 14 19 20 21 23 30 36 37 39 40 42 45 51 52 53
0 1 2 3 4 5 6 7 8 9 10 12 14 17 18 22 27 44 49 53 56 62 64
0 1 2 3 4 5 6 7 8 9 10 11 12 13 14 15 16 17 18 19 20 21 22
3 9 13 16 17 19 20 23 24 25 29 35 39 40 45 47 49 51 52 55 58 61 62
3 9 13 15 18 21 22 27 28 30 32 33 34 36 37 42 44 46 54 56 57 60 64
0 1 2 6 7 13 18 19 20 24 25 30 38 39 40 46 47 53 54 55 59 63 64
0 1 2 4 5 10 12 13 16 22 28 32 35 36 37 38 44 49 53 57 59 61 63
8 11 13 15 17 21 23 27 29 33 34 38 42 45 51 52 53 56 58 59 60 62 63
0 1 2 6 7 13 17 22 23 28 29 32 36 37 43 44 45 50 51 52 57 58 62
0 1 2 3 4 5 6 7 8 9 11 13 16 18 30 35 43 46 49 50 54 61 64
4 5 10 12 13 15 19 20 21 24 25 27 33 34 39 40 42 43 47 50 55 56 60
0 6 7 8 9 10 26 27 28 29 30 41 42 43 44 45 46 47 60 61 62 63 64
2 4 9 16 17 19 20 21 22 26 33 34 36 37 41 43 49 51 52 55 56 57 63
0 1 2 3 5 9 11 12 15 18 23 24 25 26 32 35 39 40 41 43 54 58 63
0 5 6 7 12 18 19 20 22 23 26 27 36 37 41 42 53 54 55 57 58 60 61
2 10 11 16 21 24 25 26 29 30 32 33 34 39 40 41 45 46 49 53 56 62 64
0 1 2 3 4 5 6 7 8 9 10 11 15 17 26 28 35 41 44 47 51 52 53
0 3 4 6 7 11 17 24 25 26 27 32 38 39 40 41 42 50 51 52 59 60 61
2 3 5 8 12 16 18 21 23 26 28 33 34 38 41 44 47 49 50 54 56 58 59
1 3 10 15 19 20 22 26 29 30 35 36 37 38 41 45 46 50 55 57 59 62 64
0 6 7 8 9 10 21 22 23 24 25 33 34 35 36 37 38 39 40 56 57 58 59
1 5 9 11 12 16 17 19 20 27 28 30 38 42 44 46 49 51 52 55 59 60 64
0 1 2 3 4 5 6 7 8 9 10 11 15 18 29 32 38 45 47 54 59 61 62
0 3 4 6 7 11 18 19 20 21 28 29 33 34 35 43 44 45 53 54 55 56 62
0 1 2 3 4 5 6 7 8 9 10 11 16 23 27 32 42 43 47 49 53 58 60
2 3 5 8 12 15 17 22 24 25 30 36 37 39 40 43 46 51 52 53 57 61 64
0 1 2 3 5 6 7 12 17 21 30 32 33 34 35 46 47 50 51 52 56 63 64
1 4 8 16 18 22 24 25 27 29 36 37 39 40 42 45 49 50 54 57 60 62 63
0 1 2 3 4 5 6 7 8 9 10 11 15 19 20 23 28 44 50 55 58 61 63
0 1 2 3 4 5 48 49 50 51 52 53 54 55 56 57 58 59 60 61 62 63 64
3 7 16 17 19 20 23 24 25 29 32 33 34 36 37 42 44 46 48 50 53 59 63
3 6 8 10 11 12 15 18 21 22 27 28 30 35 39 40 45 47 48 50 53 59 63
0 1 2 9 10 12 18 19 20 24 25 30 32 36 37 43 44 45 48 49 56 60 61
4 5 7 8 9 11 16 22 28 33 34 39 40 42 43 47 48 51 52 54 58 62 64
0 1 2 3 4 5 6 7 8 9 10 15 17 21 23 27 29 35 43 46 48 55 57
0 1 2 3 4 5 8 11 17 22 23 28 29 38 39 40 46 47 48 49 56 60 61
0 1 2 3 4 5 6 7 8 9 10 12 16 18 30 33 34 38 42 45 48 55 57
4 5 6 15 19 20 21 24 25 27 32 35 36 37 38 44 48 51 52 54 58 62 64
0 13 26 27 28 29 30 33 34 35 36 37 38 39 40 48 49 50 51 52 53 54 55
2 4 7 11 12 13 16 17 19 20 21 22 26 32 38 45 47 48 50 53 58 60 64
1 5 6 8 10 13 15 18 23 24 25 26 38 42 44 46 48 50 53 56 57 61 62
0 5 9 10 11 13 18 19 20 22 23 26 27 32 33 34 35 46 47 48 49 59 62
0 1 2 3 7 8 9 13 16 21 24 25 26 29 30 44 48 51 52 54 57 59 60
1 4 6 9 12 13 15 17 26 28 36 37 39 40 42 45 48 55 56 58 59 61 64
0 3 4 8 12 13 17 24 25 26 27 33 34 35 43 44 45 48 49 57 58 63 64
2 3 5 7 10 13 16 18 21 23 26 28 36 37 39 40 43 46 48 55 60 62 63
1 3 6 11 13 15 19 20 22 26 29 30 32 42 43 47 48 51 52 54 56 61 63
0 11 12 21 22 23 24 25 41 42 43 44 45 46 47 48 49 50 51 52 53 54 55
1 5 7 16 17 19 20 27 28 30 32 35 39 40 41 43 48 50 53 56 57 61 62
0 1 2 3 4 6 8 10 15 18 29 33 34 36 37 41 43 48 50 53 58 60 64
0 3 4 9 10 18 19 20 21 28 29 32 38 39 40 41 42 48 49 57 58 63 64
1 3 7 8 9 12 16 23 27 35 36 37 38 41 45 46 48 51 52 54 56 61 63
2 3 5 6 9 11 15 17 22 24 25 30 33 34 38 41 44 47 48 55 60 62 63
0 1 2 3 4 5 6 7 8 9 10 11 17 21 30 36 37 41 42 48 49 59 62
1 4 7 10 11 16 18 22 24 25 27 29 35 41 44 47 48 55 56 58 59 61 64
2 6 12 15 19 20 23 28 32 33 34 39 40 41 45 46 48 51 52 54 57 59 60
0 1 2 3 4 5 31 32 33 34 35 36 37 38 39 40 41 42 43 44 45 46 47
3 6 8 10 11 12 16 17 19 20 23 24 25 29 31 38 41 43 54 56 57 60 64
0 1 2 3 7 15 18 21 22 27 28 30 31 38 41 43 49 51 52 55 58 61 62
0 1 2 8 11 18 19 20 24 25 30 31 33 34 35 41 42 50 51 52 57 58 62
0 1 2 3 4 5 6 7 8 9 10 11 16 22 28 31 41 45 46 50 55 56 60
7 10 12 15 17 21 23 27 29 31 32 36 37 39 40 41 44 47 49 50 54 61 64
0 1 2 9 10 12 17 22 23 28 29 31 33 34 35 41 42 53 54 55 59 63 64
6 9 16 18 30 31 32 36 37 39 40 41 44 47 51 52 53 56 58 59 60 62 63
4 5 7 8 9 11 15 19 20 21 24 25 27 31 41 45 46 49 53 57 59 61 63
0 1 2 3 4 5 6 7 8 9 11 12 26 27 28 29 30 31 32 56 57 58 59
2 4 6 8 10 16 17 19 20 21 22 26 31 35 39 40 42 44 46 54 59 61 62
1 5 7 15 18 23 24 25 26 31 33 34 36 37 45 47 49 51 52 55 59 60 64
0 5 8 18 19 20 22 23 26 27 31 38 39 40 43 44 45 50 51 52 56 63 64
2 6 12 16 21 24 25 26 29 30 31 35 36 37 38 42 43 47 50 55 58 61 63
1 4 7 10 11 15 17 26 28 31 32 33 34 38 43 46 49 50 54 57 60 62 63
0 1 2 3 4 5 9 10 17 24 25 26 27 31 36 37 46 47 53 54 55 56 62
2 3 5 6 9 11 16 18 21 23 26 28 31 32 35 42 45 51 52 53 57 61 64
1 3 7 8 9 12 15 19 20 22 26 29 30 31 33 34 39 40 44 49 53 58 60
0 1 2 3 4 5 6 7 8 9 13 21 22 23 24 25 31 32 60 61 62 63 64
1 5 6 8 10 13 16 17 19 20 27 28 30 31 33 34 36 37 45 47 54 58 63
2 4 7 11 12 13 15 18 29 31 35 39 40 42 44 46 49 51 52 55 56 57 63
0 3 4 8 12 13 18 19 20 21 28 29 31 36 37 46 47 50 51 52 59 60 61
0 1 2 3 4 6 11 13 16 23 27 31 33 34 39 40 44 50 55 57 59 62 64
2 3 5 7 10 13 15 17 22 24 25 30 31 32 35 42 45 49 50 54 56 58 59
0 5 9 10 11 13 17 21 30 31 38 39 40 43 44 45 53 54 55 57 58 60 61
1 4 6 9 12 13 16 18 22 24 25 27 29 31 32 33 34 38 43 46 51 52 53
2 7 8 9 13 15 19 20 23 28 31 35 36 37 38 42 43 47 49 53 56 62 64
