# C(69,24,4) <= 121: weighted blow-up of PG(4,3) hyperplanes (blowscan2.py); weights in build log
0 3 5 10 12 21 25 27 28 30 33 36 39 40 44 45 48 52 54 61 63 64 66 67
3 4 12 13 14 15 18 19 20 24 30 31 36 39 40 41 45 46 47 51 54 55 60 66
2 3 6 12 16 23 26 29 30 34 36 37 39 40 43 45 50 53 54 57 58 62 66 68
1 3 7 8 9 11 12 17 22 30 32 35 36 38 39 40 42 45 49 54 56 59 65 66
0 1 2 9 10 11 24 25 26 27 28 29 39 40 41 42 43 44 54 55 56 57 58 59
0 4 7 8 10 15 17 18 22 25 27 28 31 35 39 40 44 47 50 54 60 62 65 68
0 6 10 13 14 16 19 20 23 25 27 28 32 34 37 38 39 40 44 46 49 51 53 54
5 6 7 8 16 17 21 22 23 24 33 34 35 37 39 40 41 52 53 54 55 63 64 65
2 4 5 15 18 21 26 29 31 32 33 38 39 40 43 47 49 52 54 57 58 60 63 64
1 5 9 11 13 14 19 20 21 33 39 40 42 46 50 51 52 54 56 59 62 63 64 68
0 1 2 3 4 5 6 7 8 24 32 38 39 40 41 48 49 50 54 55 61 62 67 68
1 4 6 9 11 15 16 18 23 31 34 37 39 40 42 47 48 53 54 56 59 60 61 67
2 7 8 13 14 17 19 20 22 26 29 35 39 40 43 46 48 51 54 57 58 61 65 67
0 1 2 3 4 5 6 7 8 24 25 26 27 28 29 30 31 32 33 34 35 36 37 38
0 3 5 11 15 17 19 20 23 25 27 28 30 33 36 41 43 47 50 51 53 56 58 68
0 3 5 9 13 14 16 18 22 25 27 28 30 33 36 42 46 49 55 57 59 60 62 65
0 1 2 3 4 5 6 7 8 9 10 11 12 16 17 24 30 31 36 44 56 57 61 62
2 3 6 9 10 15 19 20 22 26 29 30 34 36 37 41 42 44 47 49 51 59 61 65
1 3 7 8 10 13 14 18 23 30 32 35 36 38 43 44 46 50 53 55 58 60 61 68
3 4 9 21 22 23 24 30 31 36 42 43 48 49 50 52 53 58 59 63 64 65 67 68
1 3 7 8 15 16 19 20 21 30 32 35 36 38 41 47 48 51 52 57 62 63 64 67
2 3 6 11 13 14 17 18 21 26 29 30 34 36 37 46 48 52 55 56 60 63 64 67
0 1 2 18 19 20 21 22 23 24 25 26 27 28 29 51 52 53 60 61 62 63 64 65
0 4 7 8 11 13 14 16 21 25 27 28 31 35 41 43 46 49 52 56 58 61 63 64
0 6 9 15 17 21 25 27 28 32 34 37 38 42 47 50 52 55 57 59 61 63 64 68
5 6 7 8 10 11 18 19 20 24 33 34 35 37 44 48 49 50 51 56 57 60 67 68
2 4 5 9 10 13 14 17 23 26 29 31 32 33 38 41 42 44 46 48 53 59 62 67
0 1 2 3 4 5 6 7 8 9 10 11 15 16 22 33 43 44 47 48 55 58 65 67
0 1 2 3 4 5 6 7 8 9 16 17 18 19 20 24 32 38 42 43 51 58 59 60
0 1 2 3 4 5 6 7 8 9 10 11 13 14 22 31 34 37 41 46 50 57 65 68
0 1 2 3 4 5 6 7 8 9 10 11 12 15 23 26 29 35 47 49 53 55 56 62
0 1 2 12 13 14 15 16 17 24 25 26 27 28 29 45 46 47 48 49 50 66 67 68
0 6 11 12 18 22 25 27 28 32 34 37 38 41 43 45 48 56 58 60 62 65 66 67
0 4 7 8 9 12 19 20 23 25 27 28 31 35 42 45 48 51 53 55 57 59 66 67
10 11 12 13 14 15 21 22 23 24 32 38 44 45 46 47 52 53 56 57 63 64 65 66
2 7 8 9 10 12 16 18 21 26 29 35 41 42 44 45 50 52 59 60 63 64 66 68
1 4 6 10 12 17 19 20 21 31 34 37 43 44 45 49 51 52 55 58 62 63 64 66
5 6 7 8 9 12 13 14 15 24 33 34 35 37 42 43 45 46 47 58 59 61 62 66
0 1 2 3 4 5 6 7 8 9 10 12 17 18 23 33 41 45 49 53 57 60 61 66
2 4 5 11 12 16 19 20 22 26 29 31 32 33 38 45 50 51 55 56 61 65 66 68
0 1 2 3 4 5 6 7 8 9 10 11 12 13 14 15 16 17 18 19 20 21 22 23
0 3 5 10 12 21 24 26 31 35 37 38 41 43 47 50 51 53 55 57 59 60 62 65
0 1 2 3 4 5 6 7 8 9 10 11 12 13 21 29 32 34 42 46 49 56 58 68
3 4 12 13 14 15 18 19 20 27 28 29 33 34 35 38 44 58 59 63 64 65 67 68
2 3 6 12 16 23 24 27 28 31 32 33 41 42 44 47 49 51 55 56 60 63 64 67
1 3 7 8 9 11 12 17 22 26 27 28 33 37 43 44 46 50 53 57 62 63 64 67
3 4 12 13 14 15 18 19 20 25 26 32 37 42 43 48 49 50 52 53 56 57 61 62
1 3 7 8 9 11 12 17 22 24 25 29 31 34 41 47 48 51 52 55 58 60 61 68
0 1 2 3 4 5 6 7 8 9 10 11 12 16 23 25 35 38 46 48 52 59 61 65
0 1 2 3 4 5 6 7 8 9 10 11 12 13 14 36 37 38 51 52 53 66 67 68
0 4 7 8 10 15 17 18 22 24 26 32 34 36 41 43 46 49 52 55 57 59 66 67
0 6 10 13 14 16 19 20 23 29 31 35 36 42 47 50 52 56 58 60 62 65 66 67
5 6 7 8 16 17 21 22 23 27 28 29 32 36 44 48 49 50 51 58 59 61 62 66
2 4 5 15 18 21 24 27 28 35 36 37 41 42 44 46 48 53 55 56 61 65 66 68
1 5 9 11 13 14 19 20 21 26 27 28 31 34 36 38 43 44 47 48 57 60 61 66
0 1 2 3 4 5 6 7 8 25 26 33 34 35 36 42 43 51 56 57 63 64 65 66
1 4 6 9 11 15 16 18 23 24 25 29 33 36 38 41 46 50 55 58 62 63 64 66
2 7 8 13 14 17 19 20 22 25 31 32 33 36 37 47 49 53 59 60 63 64 66 68
0 1 2 9 10 11 30 31 32 33 34 35 45 46 47 48 49 50 60 61 62 63 64 65
0 6 10 13 14 16 19 20 23 24 26 30 33 41 43 45 48 55 57 59 61 63 64 68
0 4 7 8 10 15 17 18 22 29 30 33 37 38 42 45 48 51 53 56 58 61 63 64
0 1 2 3 4 5 6 7 8 27 28 29 30 31 37 44 45 46 47 52 53 58 59 60
2 7 8 13 14 17 19 20 22 24 27 28 30 34 38 41 42 44 45 50 52 55 56 62
1 4 6 9 11 15 16 18 23 26 27 28 30 32 35 43 44 45 49 51 52 57 65 68
5 6 7 8 16 17 21 22 23 25 26 30 31 38 42 43 45 46 47 56 57 60 67 68
1 5 9 11 13 14 19 20 21 24 25 29 30 32 35 37 41 45 49 53 55 58 65 67
0 1 2 3 4 5 6 7 8 9 10 11 15 18 21 25 30 34 45 50 51 59 62 67
0 1 2 3 4 5 6 7 8 54 55 56 57 58 59 60 61 62 63 64 65 66 67 68
0 3 5 11 15 17 19 20 23 24 26 31 35 37 38 42 46 49 54 61 63 64 66 67
0 3 5 9 13 14 16 18 22 29 32 34 41 43 47 50 51 53 54 61 63 64 66 67
3 4 10 11 16 17 27 28 29 33 34 35 38 42 43 48 49 50 52 53 54 55 60 66
2 3 6 9 10 15 19 20 22 24 27 28 31 32 33 46 48 52 54 57 58 62 66 68
1 3 7 8 10 13 14 18 23 26 27 28 33 37 41 47 48 51 52 54 56 59 65 66
0 1 2 3 4 5 6 7 8 9 10 11 21 22 23 25 26 32 37 44 54 55 60 66
1 3 7 8 15 16 19 20 21 24 25 29 31 34 43 44 46 50 53 54 56 59 65 66
2 3 6 11 13 14 17 18 21 25 35 38 41 42 44 47 49 51 54 57 58 62 66 68
0 1 2 18 19 20 21 22 23 36 37 38 45 46 47 48 49 50 54 55 56 57 58 59
0 4 7 8 11 13 14 16 21 24 26 32 34 36 42 45 48 51 53 54 60 62 65 68
0 1 2 3 4 5 6 7 8 9 10 11 15 17 21 29 31 35 36 41 43 45 48 54
5 6 7 8 10 11 18 19 20 27 28 29 32 36 42 43 45 46 47 54 55 63 64 65
2 4 5 9 10 13 14 17 23 24 27 28 35 36 37 45 50 51 54 57 58 60 63 64
1 5 10 15 16 22 26 27 28 31 34 36 38 41 45 49 53 54 56 59 62 63 64 68
9 16 17 18 19 20 25 26 33 34 35 36 44 45 46 47 52 53 54 55 61 62 67 68
1 4 6 13 14 22 24 25 29 33 36 38 43 44 45 49 51 52 54 56 59 60 61 67
2 7 8 11 15 23 25 31 32 33 36 37 41 42 44 45 50 52 54 57 58 61 65 67
0 1 2 12 13 14 15 16 17 30 31 32 33 34 35 51 52 53 54 55 56 57 58 59
0 1 2 3 4 5 6 7 8 9 10 11 12 18 22 24 26 30 33 42 47 50 52 54
0 4 7 8 9 12 19 20 23 29 30 33 37 38 41 43 46 49 52 54 60 62 65 68
10 11 12 13 14 15 21 22 23 27 28 29 30 31 37 42 43 51 54 55 61 62 67 68
2 7 8 9 10 12 16 18 21 24 27 28 30 34 38 47 49 53 54 57 58 61 65 67
1 4 6 10 12 17 19 20 21 26 27 28 30 32 35 41 46 50 54 56 59 60 61 67
5 6 7 8 9 12 13 14 15 25 26 30 31 38 44 48 49 50 51 54 55 63 64 65
1 5 12 17 18 23 24 25 29 30 32 35 37 43 44 47 48 54 56 59 62 63 64 68
2 4 5 11 12 16 19 20 22 25 30 34 41 42 44 46 48 53 54 57 58 60 63 64
0 1 2 3 4 5 6 7 8 39 40 41 42 43 44 45 46 47 48 49 50 51 52 53
0 3 5 9 13 14 16 18 22 24 26 31 35 37 38 39 40 44 45 48 52 56 58 68
0 3 5 11 15 17 19 20 23 29 32 34 39 40 44 45 48 52 55 57 59 60 62 65
3 4 9 21 22 23 27 28 29 33 34 35 38 39 40 41 45 46 47 51 56 57 61 62
2 3 6 11 13 14 17 18 21 24 27 28 31 32 33 39 40 43 45 50 53 59 61 65
1 3 7 8 15 16 19 20 21 26 27 28 33 37 39 40 42 45 49 55 58 60 61 68
3 4 10 11 16 17 25 26 32 37 39 40 41 45 46 47 51 58 59 63 64 65 67 68
1 3 7 8 10 13 14 18 23 24 25 29 31 34 39 40 42 45 49 57 62 63 64 67
2 3 6 9 10 15 19 20 22 25 35 38 39 40 43 45 50 53 55 56 60 63 64 67
0 1 2 12 13 14 15 16 17 36 37 38 39 40 41 42 43 44 60 61 62 63 64 65
0 4 7 8 9 12 19 20 23 24 26 32 34 36 39 40 44 47 50 56 58 61 63 64
0 6 11 12 18 22 29 31 35 36 39 40 44 46 49 51 53 55 57 59 61 63 64 68
5 6 7 8 9 12 13 14 15 27 28 29 32 36 39 40 41 52 53 56 57 60 67 68
2 4 5 11 12 16 19 20 22 24 27 28 35 36 37 39 40 43 47 49 52 59 62 67
1 5 12 17 18 23 26 27 28 31 34 36 38 39 40 42 46 50 51 52 55 58 65 67
10 11 12 13 14 15 21 22 23 25 26 33 34 35 36 39 40 41 48 49 50 58 59 60
1 4 6 10 12 17 19 20 21 24 25 29 33 36 38 39 40 42 47 48 53 57 65 68
2 7 8 9 10 12 16 18 21 25 31 32 33 36 37 39 40 43 46 48 51 55 56 62
0 1 2 18 19 20 21 22 23 30 31 32 33 34 35 39 40 41 42 43 44 66 67 68
0 6 9 15 17 21 24 26 30 33 39 40 44 46 49 51 53 56 58 60 62 65 66 67
0 4 7 8 11 13 14 16 21 29 30 33 37 38 39 40 44 47 50 55 57 59 66 67
9 16 17 18 19 20 27 28 29 30 31 37 39 40 41 48 49 50 56 57 63 64 65 66
2 7 8 11 15 23 24 27 28 30 34 38 39 40 43 46 48 51 59 60 63 64 66 68
1 4 6 13 14 22 26 27 28 30 32 35 39 40 42 47 48 53 55 58 62 63 64 66
5 6 7 8 10 11 18 19 20 25 26 30 31 38 39 40 41 52 53 58 59 61 62 66
1 5 10 15 16 22 24 25 29 30 32 35 37 39 40 42 46 50 51 52 57 60 61 66
2 4 5 9 10 13 14 17 23 25 30 34 39 40 43 47 49 52 55 56 61 65 66 68
