# C(76,16,3) <= 156: weighted blow-up of PG(3,5) hyperplanes (blowscan2.py); weights in build log
0 1 2 3 4 5 6 7 8 9 10 12 48 53 62 67
2 3 4 16 30 31 32 33 48 49 50 51 62 63 64 65
13 19 22 25 36 38 40 44 48 56 57 59 62 66 68 72
0 7 10 14 18 23 24 35 37 42 45 48 61 62 69 74
1 8 9 11 20 27 28 39 41 47 48 54 60 62 71 73
6 15 17 21 26 29 34 43 46 48 52 55 58 62 70 75
0 1 16 17 18 19 20 21 22 23 24 25 26 27 28 29
4 10 11 15 33 36 39 43 44 46 50 55 57 60 63 72
3 7 31 35 38 41 45 47 49 52 54 59 65 68 70 74
0 1 2 3 4 5 6 7 8 9 10 14 32 42 64 73
2 6 9 13 30 34 37 40 51 56 58 61 66 69 71 75
12 13 14 15 16 40 41 42 43 46 47 53 54 55 56 66
4 8 12 19 22 25 33 37 50 52 53 61 63 69 70 73
0 3 9 12 18 23 24 31 36 44 49 53 57 65 71 72
1 6 10 12 20 27 28 32 34 38 53 58 59 64 68 75
2 7 11 12 17 21 26 29 30 35 39 45 51 53 60 74
0 1 2 3 4 5 6 7 8 9 10 11 16 52 70 71
1 4 7 13 20 27 28 33 35 40 45 50 56 63 66 74
3 6 11 14 19 22 25 31 34 39 42 49 58 60 65 75
17 21 26 29 32 36 37 41 44 47 54 57 61 64 69 72
0 2 8 15 18 23 24 30 38 43 46 51 55 59 68 73
0 1 2 3 4 11 16 37 38 39 59 60 61 67 68 69
0 4 6 18 23 24 33 34 41 47 50 54 58 63 67 75
3 8 10 13 17 21 26 29 31 40 49 56 65 66 67 73
7 9 15 19 22 25 32 35 43 45 46 55 64 67 71 74
1 2 14 20 27 28 30 36 42 44 51 52 57 67 70 72
5 6 7 8 16 34 35 36 44 45 57 58 72 73 74 75
4 5 9 14 17 21 26 29 33 38 42 50 59 63 68 71
1 3 5 15 20 27 28 31 37 43 46 49 55 61 65 69
0 5 11 13 18 23 24 32 39 40 52 56 60 64 66 70
0 1 2 3 4 5 6 10 19 22 25 30 41 47 51 54
0 1 2 3 4 5 6 7 8 9 10 11 12 13 14 15
5 12 19 23 27 29 33 36 39 43 45 47 66 69 71 75
5 12 18 21 25 28 31 35 38 41 50 55 57 60 64 73
5 12 22 26 32 42 44 46 51 56 58 61 65 68 70 74
5 12 16 17 20 24 30 34 37 40 49 52 54 59 63 72
2 3 4 28 29 40 41 42 43 59 60 61 72 73 74 75
0 1 2 3 4 5 6 7 8 9 13 21 24 33 37 55
0 7 10 14 19 20 26 31 36 46 50 54 58 64 66 70
1 8 9 11 17 23 25 32 34 38 45 51 52 57 65 69
6 15 16 18 22 27 30 35 39 44 47 49 56 63 68 71
2 3 4 20 21 22 23 44 45 53 54 55 56 67 68 69
1 8 9 11 18 26 33 35 40 46 53 58 59 67 70 72
13 17 27 31 34 39 42 47 50 52 53 61 64 67 71 74
6 15 19 24 28 32 36 37 41 51 53 60 65 66 67 73
0 7 10 14 16 25 29 30 38 43 49 53 57 63 67 75
2 3 4 24 25 26 27 37 38 39 46 47 57 58 70 71
0 7 10 14 17 22 28 33 34 41 44 52 56 60 68 73
0 1 2 3 4 6 15 23 31 40 45 50 59 64 69 72
0 1 2 3 4 13 18 20 29 32 35 43 51 54 65 75
1 8 9 11 16 19 21 30 36 42 49 55 61 63 66 74
0 1 2 3 4 5 6 7 17 18 19 34 35 36 52 66
0 1 2 3 4 6 15 20 25 33 38 42 54 57 61 74
1 8 9 11 22 24 29 31 37 43 44 50 56 64 68 75
0 7 10 14 21 27 32 39 40 47 51 55 59 65 71 72
13 16 23 26 28 30 41 45 46 49 58 60 63 69 70 73
0 1 62 63 64 65 66 67 68 69 70 71 72 73 74 75
4 10 11 15 19 23 27 29 32 42 49 52 54 59 62 67
3 7 18 21 25 28 33 36 39 43 51 56 58 61 62 67
8 14 22 26 30 34 37 40 45 47 50 55 57 60 62 67
2 6 9 13 16 17 20 24 31 35 38 41 44 46 62 67
12 13 14 15 28 29 37 38 39 44 45 52 62 63 64 65
4 8 12 21 24 32 35 43 47 49 58 60 62 66 68 72
0 3 9 12 19 20 26 33 34 41 51 55 59 62 69 74
1 6 10 12 17 23 25 30 36 42 46 50 56 62 71 73
2 7 11 12 16 18 22 27 31 40 54 57 61 62 70 75
9 10 20 21 22 23 40 41 42 43 57 58 62 63 64 65
1 4 7 13 18 26 32 34 38 44 49 55 61 62 71 73
3 6 11 14 17 27 33 37 45 46 51 54 62 66 68 72
0 1 2 3 4 19 24 28 30 35 39 50 59 62 70 75
0 2 8 15 16 25 29 31 36 47 52 56 60 62 69 74
11 24 25 26 27 34 35 36 53 54 55 56 62 63 64 65
0 4 6 17 22 28 32 39 40 46 49 53 57 62 69 74
3 8 10 13 23 33 38 42 44 47 51 53 60 62 70 75
7 9 15 18 20 29 30 41 50 52 53 61 62 66 68 72
1 2 14 16 19 21 31 37 43 45 53 58 59 62 71 73
5 6 7 8 17 18 19 46 47 59 60 61 62 63 64 65
4 5 9 14 20 25 32 36 37 41 45 49 56 62 70 75
1 3 5 15 22 24 29 33 35 40 51 52 57 62 71 73
0 5 11 13 21 27 30 38 43 44 50 54 58 62 69 74
2 5 10 16 23 26 28 31 34 39 42 55 62 66 68 72
0 1 2 3 4 5 6 7 8 9 10 11 44 45 46 47
8 14 19 23 27 29 31 35 38 41 51 56 58 61 63 72
4 10 11 15 18 21 25 28 30 34 37 40 65 68 70 74
2 6 9 13 22 26 33 36 39 43 49 52 54 59 64 73
3 7 16 17 20 24 32 42 50 55 57 60 66 69 71 75
0 1 2 3 4 5 6 7 8 9 11 28 29 57 58 66
7 9 15 21 24 31 34 39 42 44 51 54 63 69 70 73
0 4 6 19 20 26 30 38 43 45 52 56 60 65 71 72
1 2 14 17 23 25 33 35 40 47 49 55 61 64 68 75
3 8 10 13 16 18 22 27 32 36 37 41 46 50 59 74
12 13 14 15 20 21 22 23 34 35 36 59 60 61 70 71
1 6 10 12 18 26 31 37 43 47 51 52 57 63 66 74
0 1 2 3 4 5 8 12 17 27 30 41 44 55 65 75
2 7 11 12 19 24 28 33 38 42 46 49 56 64 69 72
0 3 9 12 16 25 29 32 39 40 45 50 54 58 68 73
5 6 7 8 24 25 26 27 40 41 42 43 52 67 68 69
0 5 11 13 17 22 28 31 36 45 51 55 59 63 67 75
4 5 9 14 23 30 35 39 46 54 57 61 65 66 67 73
2 5 10 18 20 29 33 37 44 49 58 60 64 67 71 74
1 3 5 15 16 19 21 32 34 38 47 50 56 67 70 72
9 10 17 18 19 37 38 39 53 54 55 56 72 73 74 75
0 1 2 3 4 20 25 31 40 46 51 53 60 63 68 71
1 4 7 13 22 24 29 30 36 42 47 53 58 59 65 69
0 2 8 15 21 27 33 34 41 45 49 53 57 64 66 70
3 6 11 14 16 23 26 28 32 35 43 44 50 52 53 61
0 1 48 49 50 51 52 53 54 55 56 57 58 59 60 61
3 7 19 23 27 29 30 34 37 40 44 46 48 53 64 73
2 6 9 13 18 21 25 28 32 42 45 47 48 53 63 72
4 10 11 15 22 26 31 35 38 41 48 53 66 69 71 75
8 14 16 17 20 24 33 36 39 43 48 53 65 68 70 74
9 10 28 29 34 35 36 46 47 48 49 50 51 67 68 69
3 6 11 14 21 24 30 41 48 56 57 59 64 67 71 74
0 2 8 15 19 20 26 32 39 40 44 48 61 63 67 75
1 4 7 13 17 23 25 31 37 43 48 54 60 67 70 72
16 18 22 27 33 38 42 45 48 52 55 58 65 66 67 73
5 6 7 8 20 21 22 23 37 38 39 48 49 50 51 66
1 3 5 15 18 26 30 36 42 45 48 54 60 64 68 75
2 5 10 17 27 32 35 43 48 56 57 59 63 69 70 73
4 5 9 14 19 24 28 31 40 44 47 48 52 55 58 74
0 5 11 13 16 25 29 33 34 41 46 48 61 65 71 72
12 13 14 15 24 25 26 27 48 49 50 51 72 73 74 75
0 3 9 12 17 22 28 30 38 43 47 48 61 64 66 70
2 7 11 12 23 32 36 37 41 48 52 55 58 63 68 71
4 8 12 18 20 29 31 34 39 42 45 46 48 56 57 59
1 6 10 12 16 19 21 33 35 40 44 48 54 60 65 69
11 17 18 19 40 41 42 43 44 45 48 49 50 51 70 71
3 8 10 13 20 25 30 35 39 48 52 55 58 64 69 72
1 2 14 22 24 29 32 34 38 46 48 54 60 63 66 74
0 1 2 3 4 5 6 7 21 27 31 36 48 61 68 73
7 9 15 16 23 26 28 33 37 47 48 56 57 59 65 75
0 1 30 31 32 33 34 35 36 37 38 39 40 41 42 43
2 6 9 13 19 23 27 29 50 55 57 60 65 68 70 74
8 14 18 21 25 28 44 46 49 52 54 59 66 69 71 75
0 1 2 3 4 5 6 7 8 9 10 11 22 26 63 72
4 10 11 15 16 17 20 24 45 47 51 56 58 61 64 73
5 6 7 8 28 29 30 31 32 33 53 54 55 56 70 71
2 5 10 21 24 36 38 40 45 46 50 52 53 61 65 75
0 5 11 13 19 20 26 35 37 42 47 49 53 57 68 73
1 3 5 15 17 23 25 39 41 44 53 58 59 63 66 74
4 5 9 14 16 18 22 27 34 43 51 53 60 64 69 72
11 20 21 22 23 30 31 32 33 46 47 52 72 73 74 75
0 1 2 3 4 5 6 14 18 26 39 41 50 56 65 69
0 1 2 3 4 7 9 15 17 27 36 38 40 49 58 60
3 8 10 13 19 24 28 34 43 45 54 57 61 63 68 71
0 4 6 16 25 29 35 37 42 44 51 55 59 64 66 70
9 10 24 25 26 27 30 31 32 33 44 45 59 60 61 66
0 2 8 15 17 22 28 35 37 42 50 54 58 65 71 72
0 1 2 3 4 5 6 7 8 9 23 34 43 49 56 74
3 6 11 14 18 20 29 36 38 40 47 55 63 69 70 73
1 4 7 13 16 19 21 39 41 46 51 52 57 64 68 75
12 13 14 15 17 18 19 30 31 32 33 57 58 67 68 69
2 7 11 12 20 25 34 43 44 47 50 59 65 66 67 73
1 6 10 12 22 24 29 39 41 45 49 55 61 67 70 72
0 3 9 12 21 27 35 37 42 46 52 56 60 63 67 75
4 8 12 16 23 26 28 36 38 40 51 54 64 67 71 74
