# C(95,20,3) <= 155: weighted blow-up of AG(3,5) hyperplanes (blowscan2.py); weights in build log
0 4 12 15 22 26 31 35 39 44 48 55 60 65 69 70 75 82 87 91
1 7 16 19 23 27 32 36 40 45 49 52 56 61 66 71 78 83 88 92
8 10 13 20 24 28 33 37 41 46 50 53 57 62 72 76 79 84 89 93
2 5 9 11 17 21 29 34 42 51 58 63 67 73 74 77 80 85 90 94
0 1 2 3 4 5 6 14 18 25 30 38 43 47 54 59 64 68 81 86
0 1 2 3 15 16 17 18 35 36 37 38 55 56 57 58 59 75 76 77
4 5 6 19 20 21 39 40 41 42 43 60 61 62 63 64 78 79 80 81
7 8 9 22 23 24 25 44 45 46 47 65 66 67 68 82 83 84 85 86
10 11 26 27 28 29 30 48 49 50 51 69 70 71 72 73 87 88 89 90
0 1 2 3 4 12 13 14 31 32 33 34 52 53 54 74 91 92 93 94
0 6 9 10 15 28 32 35 43 50 52 55 64 67 72 75 81 85 89 92
1 4 11 13 16 25 29 33 36 39 47 51 53 56 60 68 73 86 90 93
0 1 2 3 4 19 22 30 34 37 40 44 57 61 65 74 76 78 82 94
2 7 14 17 20 23 26 41 45 48 54 58 62 66 69 70 77 79 83 87
3 5 8 12 18 21 24 27 31 38 42 46 49 59 63 71 80 84 88 91
0 15 20 25 27 34 35 41 47 49 55 62 68 71 74 75 79 86 88 94
0 1 2 3 4 5 6 8 17 24 30 32 39 46 52 58 60 77 84 92
1 5 10 14 16 21 22 28 36 42 44 50 54 56 63 65 72 80 82 89
3 9 13 18 19 26 33 38 40 48 53 59 61 67 69 70 78 85 87 93
6 7 11 12 23 29 31 37 43 45 51 57 64 66 73 76 81 83 90 91
0 5 7 13 15 21 23 30 33 35 42 45 53 55 63 66 75 80 83 93
0 1 2 3 4 5 9 14 27 37 39 49 54 57 60 67 71 76 85 88
3 11 18 20 22 29 32 38 41 44 51 52 59 62 65 73 79 82 90 92
1 6 8 16 24 26 34 36 43 46 48 56 64 69 70 74 81 84 87 94
2 10 12 17 19 25 28 31 40 47 50 58 61 68 72 77 78 86 89 91
0 8 11 14 15 19 24 29 35 40 46 51 54 55 61 73 75 78 84 90
3 4 7 10 18 23 28 34 38 39 45 50 59 60 66 72 74 83 89 94
2 6 13 17 22 27 33 43 44 49 53 58 64 65 71 77 81 82 88 93
5 21 25 26 32 37 42 47 48 52 57 63 68 69 70 76 80 86 87 92
0 1 2 3 4 5 9 12 16 20 30 31 36 41 56 62 67 79 85 91
0 1 2 3 4 5 6 7 8 9 10 11 12 13 14 15 16 17 18 19
15 16 17 18 19 20 21 22 23 24 25 26 27 28 29 30 31 32 33 34
35 36 37 38 39 40 41 42 43 44 45 46 47 48 49 50 51 52 53 54
55 56 57 58 59 60 61 62 63 64 65 66 67 68 69 70 71 72 73 74
75 76 77 78 79 80 81 82 83 84 85 86 87 88 89 90 91 92 93 94
0 1 2 3 4 5 6 12 18 25 30 42 51 57 62 72 78 83 88 92
1 7 15 22 26 31 38 43 47 54 58 63 67 73 74 76 79 84 89 93
8 10 13 16 19 23 27 32 35 39 44 48 59 64 68 77 80 85 90 94
2 5 9 11 20 24 28 33 36 40 45 49 52 55 60 65 69 70 81 86
3 6 14 17 21 29 34 37 41 46 50 53 56 61 66 71 75 82 87 91
0 4 12 20 24 28 33 38 43 47 54 56 61 66 71 77 80 85 90 94
2 5 9 11 15 22 26 31 37 41 46 50 53 59 64 68 78 83 88 92
0 1 2 3 4 5 7 17 21 29 34 35 39 44 48 57 62 72 81 86
3 6 14 16 19 23 27 32 42 51 55 60 65 69 70 76 79 84 89 93
8 10 13 18 25 30 36 40 45 49 52 58 63 67 73 74 75 82 87 91
0 4 12 17 21 29 34 36 40 45 49 52 59 64 68 76 79 84 89 93
0 1 2 3 4 8 10 13 15 22 26 31 42 51 56 61 66 71 81 86
3 6 14 20 24 28 33 35 39 44 48 58 63 67 73 74 78 83 88 92
1 7 18 25 30 37 41 46 50 53 55 60 65 69 70 77 80 85 90 94
2 5 9 11 16 19 23 27 32 38 43 47 54 57 62 72 75 82 87 91
0 4 12 16 19 23 27 32 37 41 46 50 53 58 63 67 73 74 81 86
3 6 14 15 22 26 31 36 40 45 49 52 57 62 72 77 80 85 90 94
2 5 9 11 18 25 30 35 39 44 48 56 61 66 71 76 79 84 89 93
8 10 13 17 21 29 34 38 43 47 54 55 60 65 69 70 78 83 88 92
0 1 2 3 4 5 7 20 24 28 33 42 51 59 64 68 75 82 87 91
0 1 2 3 31 32 33 34 48 49 50 51 65 66 67 68 78 79 80 81
4 5 6 15 16 17 18 52 53 54 69 70 71 72 73 82 83 84 85 86
0 1 2 3 4 7 8 9 19 20 21 35 36 37 38 74 87 88 89 90
10 11 22 23 24 25 39 40 41 42 43 55 56 57 58 59 91 92 93 94
12 13 14 26 27 28 29 30 44 45 46 47 60 61 62 63 64 75 76 77
0 6 9 10 18 21 24 27 31 41 45 48 54 57 61 65 74 86 90 93
1 4 11 13 15 28 32 38 42 46 49 58 62 66 69 70 76 78 82 94
0 1 2 3 4 16 25 29 33 35 43 50 52 59 63 71 77 79 83 87
2 7 14 19 22 30 34 36 39 47 51 53 55 64 67 72 80 84 88 91
3 5 8 12 17 20 23 26 37 40 44 56 60 68 73 75 81 85 89 92
0 1 2 3 4 5 23 29 31 38 40 48 53 56 63 65 72 77 84 92
2 4 8 15 20 25 27 34 37 43 45 51 59 61 67 69 70 80 82 89
1 5 10 14 17 24 30 32 35 41 47 49 57 64 66 73 78 85 87 93
3 9 13 16 21 22 28 39 46 52 55 62 68 71 74 76 81 83 90 91
6 7 11 12 18 19 26 33 36 42 44 50 54 58 60 75 79 86 88 94
0 5 7 13 17 19 25 28 31 36 43 46 48 59 62 65 73 76 85 88
4 9 14 15 21 23 30 33 40 47 50 56 64 69 70 74 79 82 90 92
0 1 2 3 4 5 11 27 35 42 45 53 58 61 68 72 81 84 87 94
1 6 8 18 20 22 29 32 37 39 49 54 55 63 66 77 78 86 89 91
2 10 12 16 24 26 34 38 41 44 51 52 57 60 67 71 75 80 83 93
0 8 11 14 16 20 30 31 37 42 47 48 52 58 64 65 71 83 89 94
3 4 7 10 15 19 24 29 36 41 57 63 68 69 70 77 81 82 88 93
2 6 13 18 23 28 34 35 40 46 51 54 56 62 67 76 80 86 87 92
0 1 2 3 4 5 17 22 27 33 38 39 45 50 55 61 73 79 85 91
1 9 12 21 25 26 32 43 44 49 53 59 60 66 72 74 75 78 84 90
0 1 2 3 22 23 24 25 52 53 54 60 61 62 63 64 87 88 89 90
0 1 2 3 4 10 11 15 16 17 18 44 45 46 47 74 78 79 80 81
4 5 6 26 27 28 29 30 35 36 37 38 65 66 67 68 91 92 93 94
12 13 14 19 20 21 48 49 50 51 55 56 57 58 59 82 83 84 85 86
7 8 9 31 32 33 34 39 40 41 42 43 69 70 71 72 73 75 76 77
0 5 7 13 18 20 22 29 32 40 47 50 57 60 67 71 81 84 87 94
1 6 8 15 21 23 30 33 38 41 44 51 52 58 61 68 72 76 85 88
4 9 14 16 24 26 34 35 42 45 53 59 62 65 73 77 78 86 89 91
0 1 2 3 4 5 10 12 27 36 43 46 48 55 63 66 79 82 90 92
3 11 17 19 25 28 31 37 39 49 54 56 64 69 70 74 75 80 83 93
0 6 9 10 19 22 30 34 38 42 46 49 56 60 68 73 77 79 83 87
0 1 2 3 4 5 7 14 15 28 32 37 40 44 59 63 71 86 90 93
1 4 11 13 17 20 23 26 35 43 50 52 57 61 65 74 80 84 88 91
3 5 8 12 16 25 29 33 41 45 48 54 55 64 67 72 76 78 82 94
18 21 24 27 31 36 39 47 51 53 58 62 66 69 70 75 81 85 89 92
0 8 11 14 17 22 27 33 36 41 59 60 66 72 74 76 80 86 87 92
0 1 2 3 4 5 15 19 24 29 43 44 49 53 56 62 67 83 89 94
3 4 7 10 21 25 26 32 35 40 46 51 54 58 64 65 71 79 85 91
1 9 12 18 23 28 34 37 42 47 48 52 55 61 73 77 81 82 88 93
2 6 13 16 20 30 31 38 39 45 50 57 63 68 69 70 75 78 84 90
0 1 2 3 4 5 16 21 22 28 37 43 45 51 58 60 78 85 87 93
3 9 13 15 20 25 27 34 36 42 44 50 54 57 64 66 73 77 84 92
2 4 8 18 19 26 33 35 41 47 49 56 63 65 72 76 81 83 90 91
6 7 11 12 17 24 30 32 38 40 48 53 55 62 68 71 74 80 82 89
1 5 10 14 23 29 31 39 46 52 59 61 67 69 70 75 79 86 88 94
0 1 2 3 26 27 28 29 30 39 40 41 42 43 74 82 83 84 85 86
7 8 9 15 16 17 18 48 49 50 51 60 61 62 63 64 91 92 93 94
12 13 14 22 23 24 25 35 36 37 38 69 70 71 72 73 78 79 80 81
4 5 6 31 32 33 34 44 45 46 47 55 56 57 58 59 87 88 89 90
0 1 2 3 4 10 11 19 20 21 52 53 54 65 66 67 68 75 76 77
0 1 2 3 4 5 18 19 26 33 39 46 52 57 64 66 73 80 82 89
1 5 10 14 15 20 25 27 34 38 40 48 53 58 60 76 81 83 90 91
6 7 11 12 16 21 22 28 35 41 47 49 59 61 67 69 70 77 84 92
2 4 8 23 29 31 36 42 44 50 54 55 62 68 71 74 78 85 87 93
3 9 13 17 24 30 32 37 43 45 51 56 63 65 72 75 79 86 88 94
0 8 11 14 21 25 26 32 38 39 45 50 56 62 67 77 81 82 88 93
2 6 13 15 19 24 29 37 42 47 48 52 59 60 66 72 74 79 85 91
1 9 12 17 22 27 33 35 40 46 51 54 57 63 68 69 70 83 89 94
3 4 7 10 16 20 30 31 43 44 49 53 55 61 73 76 80 86 87 92
0 1 2 3 4 5 18 23 28 34 36 41 58 64 65 71 75 78 84 90
0 6 9 10 17 20 23 26 36 39 47 51 53 59 63 71 76 78 82 94
0 1 2 3 4 15 28 32 41 45 48 54 56 60 68 73 80 84 88 91
3 5 8 12 19 22 30 34 35 43 50 52 58 62 66 69 70 86 90 93
1 4 11 13 18 21 24 27 31 37 40 44 55 64 67 72 77 79 83 87
2 7 14 16 25 29 33 38 42 46 49 57 61 65 74 75 81 85 89 92
0 5 7 13 16 24 26 34 37 39 49 54 58 61 68 72 79 82 90 92
3 11 15 21 23 30 33 36 43 46 48 57 60 67 71 77 78 86 89 91
2 10 12 18 20 22 29 32 35 42 45 53 56 64 69 70 74 76 85 88
4 9 14 17 19 25 28 31 38 41 44 51 52 55 63 66 81 84 87 94
0 1 2 3 4 5 6 8 27 40 47 50 59 62 65 73 75 80 83 93
0 1 2 3 19 20 21 44 45 46 47 69 70 71 72 73 91 92 93 94
12 13 14 15 16 17 18 39 40 41 42 43 65 66 67 68 87 88 89 90
10 11 31 32 33 34 35 36 37 38 60 61 62 63 64 82 83 84 85 86
7 8 9 26 27 28 29 30 52 53 54 55 56 57 58 59 78 79 80 81
0 1 2 3 4 5 6 7 22 23 24 25 48 49 50 51 74 75 76 77
0 8 11 14 18 23 28 34 43 44 49 53 57 63 68 69 70 79 85 91
1 9 12 15 19 24 29 38 39 45 50 58 64 65 71 76 80 86 87 92
5 16 20 30 31 35 40 46 51 54 59 60 66 72 74 77 81 82 88 93
0 1 2 3 4 5 6 13 21 25 26 32 36 41 55 61 73 83 89 94
3 4 7 10 17 22 27 33 37 42 47 48 52 56 62 67 75 78 84 90
0 5 7 13 27 38 41 44 51 52 56 64 69 70 74 77 78 86 89 91
2 10 12 15 21 23 30 33 37 39 49 54 59 62 65 73 81 84 87 94
1 6 8 17 19 25 28 31 35 42 45 53 57 60 67 71 79 82 90 92
0 1 2 3 4 5 11 16 24 26 34 40 47 50 55 63 66 76 85 88
4 9 14 18 20 22 29 32 36 43 46 48 58 61 68 72 75 80 83 93
0 17 24 30 32 36 42 44 50 54 59 61 67 69 70 76 81 83 90 91
6 7 11 12 15 20 25 27 34 39 46 52 56 63 65 72 78 85 87 93
0 1 2 3 4 5 9 13 23 29 31 35 41 47 49 58 60 80 82 89
1 5 10 14 18 19 26 33 37 43 45 51 55 62 68 71 74 77 84 92
2 4 8 16 21 22 28 38 40 48 53 57 64 66 73 75 79 86 88 94
0 6 9 10 16 25 29 33 37 40 44 58 62 66 69 70 80 84 88 91
3 5 8 12 15 28 32 36 39 47 51 53 57 61 65 74 77 79 83 87
2 7 14 18 21 24 27 31 35 43 50 52 56 60 68 73 76 78 82 94
0 1 2 3 4 17 20 23 26 38 42 46 49 55 64 67 72 86 90 93
1 4 11 13 19 22 30 34 41 45 48 54 59 63 71 75 81 85 89 92
