# C(22,11,3) <= 15: PG(3,2) hyperplane blow-up, class sizes [2, 1, 2, 1, 2, 1, 1, 1, 2, 1, 2, 1, 2, 1, 2]
0 1 2 3 4 5 8 10 13 16 19
0 1 5 6 7 10 11 12 16 17 18
0 3 4 5 9 10 14 15 16 20 21
0 1 2 3 4 10 11 12 13 14 15
0 2 6 7 9 10 13 17 18 20 21
0 1 2 8 9 10 11 12 19 20 21
3 4 6 7 8 10 14 15 17 18 19
0 1 2 3 4 5 6 7 8 9 10
2 5 8 11 12 14 15 17 18 20 21
0 1 5 6 7 13 14 15 19 20 21
0 3 4 5 9 11 12 13 17 18 19
0 1 2 3 4 16 17 18 19 20 21
0 2 6 7 9 11 12 14 15 16 19
0 1 2 8 9 13 14 15 16 17 18
3 4 6 7 8 11 12 13 16 20 21
