# C(26,13,3) <= 15: PG(3,2) hyperplane blow-up, class sizes [2, 2, 2, 1, 2, 2, 2, 2, 2, 2, 1, 2, 2, 2, 0]
2 3 6 9 10 13 14 17 18 20 21 24 25
0 1 6 7 8 13 14 15 16 20 21 22 23
0 1 2 4 5 6 11 12 13 14 19 20 21
0 1 2 3 4 5 13 14 15 16 17 18 19
0 2 3 7 8 11 12 13 14 17 18 22 23
0 1 2 9 10 11 12 13 14 15 16 24 25
4 5 7 8 9 10 13 14 19 22 23 24 25
0 1 2 3 4 5 6 7 8 9 10 11 12
0 1 2 3 4 6 9 10 15 16 19 22 23
0 1 2 3 4 6 7 8 17 18 19 24 25
4 5 6 11 12 15 16 17 18 22 23 24 25
0 1 2 3 4 5 6 20 21 22 23 24 25
2 3 7 8 11 12 15 16 19 20 21 24 25
0 1 9 10 11 12 17 18 19 20 21 22 23
0 4 5 7 8 9 10 15 16 17 18 20 21
