# C(28,14,3) <= 15: PG(3,2) hyperplane blow-up, class sizes [3, 3, 0, 0, 3, 3, 0, 1, 3, 3, 1, 1, 3, 3, 1]
3 4 5 9 10 11 12 16 17 18 20 24 25 26
0 1 2 6 7 8 12 13 14 15 20 21 22 23
0 1 2 3 4 5 6 7 8 9 12 19 20 27
0 1 2 3 4 5 12 13 14 15 16 17 18 19
3 4 5 6 7 8 12 16 17 18 21 22 23 27
0 1 2 9 10 11 12 13 14 15 24 25 26 27
6 7 8 9 10 11 12 19 21 22 23 24 25 26
0 1 2 3 4 5 6 7 8 9 10 11 12 13
3 4 5 9 10 11 13 14 15 19 21 22 23 27
0 1 2 6 7 8 16 17 18 19 24 25 26 27
0 1 13 14 15 16 17 18 21 22 23 24 25 26
0 1 2 3 4 5 20 21 22 23 24 25 26 27
3 4 5 6 7 8 13 14 15 19 20 24 25 26
0 1 2 9 10 11 16 17 18 19 20 21 22 23
6 7 8 9 10 11 13 14 15 16 17 18 20 27
