# C(30,15,3) <= 15: PG(3,2) hyperplane blow-up, class sizes [3, 1, 3, 1, 3, 1, 2, 1, 3, 1, 3, 1, 3, 1, 3]
0 1 2 3 4 5 6 7 8 9 11 14 18 22 26
0 1 2 7 8 9 10 14 15 16 17 22 23 24 25
0 4 5 6 7 12 13 14 19 20 21 22 27 28 29
0 1 2 3 4 5 6 14 15 16 17 18 19 20 21
0 3 8 9 10 12 13 14 18 23 24 25 27 28 29
0 1 2 3 11 12 13 14 15 16 17 26 27 28 29
4 5 6 8 9 10 11 14 19 20 21 23 24 25 26
0 1 2 3 4 5 6 7 8 9 10 11 12 13 14
3 7 11 15 16 17 19 20 21 23 24 25 27 28 29
0 1 2 7 8 9 10 18 19 20 21 26 27 28 29
0 4 5 6 7 12 13 15 16 17 18 23 24 25 26
0 1 2 3 4 5 6 22 23 24 25 26 27 28 29
0 3 8 9 10 12 13 15 16 17 19 20 21 22 26
0 1 2 3 11 12 13 18 19 20 21 22 23 24 25
4 5 6 8 9 10 11 15 16 17 18 22 27 28 29
