# C(32,16,3) <= 14: AG(3,2) blow-up, class size 4
0 1 2 3 4 5 6 7 8 9 10 11 12 13 14 15
0 1 2 3 4 5 6 7 16 17 18 19 20 21 22 23
0 1 2 3 4 5 6 7 24 25 26 27 28 29 30 31
0 1 2 3 8 9 10 11 16 17 18 19 24 25 26 27
0 1 2 3 8 9 10 11 20 21 22 23 28 29 30 31
0 1 2 3 12 13 14 15 16 17 18 19 28 29 30 31
0 1 2 3 12 13 14 15 20 21 22 23 24 25 26 27
4 5 6 7 8 9 10 11 16 17 18 19 28 29 30 31
4 5 6 7 8 9 10 11 20 21 22 23 24 25 26 27
4 5 6 7 12 13 14 15 16 17 18 19 24 25 26 27
4 5 6 7 12 13 14 15 20 21 22 23 28 29 30 31
8 9 10 11 12 13 14 15 16 17 18 19 20 21 22 23
8 9 10 11 12 13 14 15 24 25 26 27 28 29 30 31
16 17 18 19 20 21 22 23 24 25 26 27 28 29 30 31
