# C(32,16,4) <= 31: PG(4,2) hyperplane blow-up, class sizes [0, 2, 2, 2, 2, 0, 0, 2, 2, 0, 0, 0, 0, 2, 2, 0, 0, 2, 2, 2, 2, 0, 0, 2, 2, 0, 0, 0, 0, 2, 2]
0 1 4 5 8 9 12 13 16 17 20 21 24 25 28 29
4 5 6 7 8 9 10 11 20 21 22 23 24 25 26 27
2 3 4 5 8 9 14 15 18 19 20 21 24 25 30 31
0 1 2 3 8 9 10 11 16 17 18 19 24 25 26 27
0 1 6 7 8 9 14 15 16 17 22 23 24 25 30 31
8 9 10 11 12 13 14 15 24 25 26 27 28 29 30 31
2 3 6 7 8 9 12 13 18 19 22 23 24 25 28 29
0 1 2 3 4 5 6 7 16 17 18 19 20 21 22 23
0 1 4 5 10 11 14 15 16 17 20 21 26 27 30 31
4 5 6 7 12 13 14 15 20 21 22 23 28 29 30 31
2 3 4 5 10 11 12 13 18 19 20 21 26 27 28 29
0 1 2 3 12 13 14 15 16 17 18 19 28 29 30 31
0 1 6 7 10 11 12 13 16 17 22 23 26 27 28 29
0 1 2 3 4 5 6 7 8 9 10 11 12 13 14 15
2 3 6 7 10 11 14 15 18 19 22 23 26 27 30 31
0 1 2 3 4 5 6 7 8 9 10 11 12 13 14 15
0 1 4 5 8 9 12 13 18 19 22 23 26 27 30 31
4 5 6 7 8 9 10 11 16 17 18 19 28 29 30 31
2 3 4 5 8 9 14 15 16 17 22 23 26 27 28 29
0 1 2 3 8 9 10 11 20 21 22 23 28 29 30 31
0 1 6 7 8 9 14 15 18 19 20 21 26 27 28 29
8 9 10 11 12 13 14 15 16 17 18 19 20 21 22 23
2 3 6 7 8 9 12 13 16 17 20 21 26 27 30 31
0 1 2 3 4 5 6 7 24 25 26 27 28 29 30 31
0 1 4 5 10 11 14 15 18 19 22 23 24 25 28 29
4 5 6 7 12 13 14 15 16 17 18 19 24 25 26 27
2 3 4 5 10 11 12 13 16 17 22 23 24 25 30 31
0 1 2 3 12 13 14 15 20 21 22 23 24 25 26 27
0 1 6 7 10 11 12 13 18 19 20 21 24 25 30 31
16 17 18 19 20 21 22 23 24 25 26 27 28 29 30 31
2 3 6 7 10 11 14 15 16 17 20 21 24 25 28 29
