# C(34,17,3) <= 15: PG(3,2) hyperplane blow-up, class sizes [3, 3, 2, 1, 3, 3, 2, 1, 3, 3, 2, 1, 3, 3, 1]
0 1 3 4 5 8 12 13 14 17 21 22 23 26 30 31 32
0 1 2 3 4 8 9 10 11 17 18 19 20 26 27 28 29
0 1 2 3 4 5 6 7 8 9 15 16 17 24 25 26 33
0 1 2 3 4 5 6 7 17 18 19 20 21 22 23 24 25
0 3 4 5 9 10 11 15 16 17 21 22 23 27 28 29 33
0 1 2 3 12 13 14 15 16 17 18 19 20 30 31 32 33
6 7 9 10 11 12 13 14 17 24 25 27 28 29 30 31 32
0 1 2 3 4 5 6 7 8 9 10 11 12 13 14 15 16
0 3 4 5 8 12 13 14 18 19 20 24 25 27 28 29 33
0 1 2 3 8 9 10 11 21 22 23 24 25 30 31 32 33
6 7 8 15 16 18 19 20 21 22 23 27 28 29 30 31 32
0 1 2 3 4 5 6 7 8 26 27 28 29 30 31 32 33
3 4 5 9 10 11 15 16 18 19 20 24 25 26 30 31 32
0 1 2 12 13 14 15 16 21 22 23 24 25 26 27 28 29
0 6 7 9 10 11 12 13 14 18 19 20 21 22 23 26 33
