# C(36,18,3) <= 15: PG(3,2) hyperplane blow-up, class sizes [4, 4, 0, 0, 4, 4, 0, 1, 4, 4, 1, 1, 4, 4, 1]
4 5 6 7 12 13 14 15 16 21 22 23 24 26 31 32 33 34
0 1 2 3 8 9 10 11 16 17 18 19 20 26 27 28 29 30
0 1 2 3 4 5 6 7 8 9 10 11 12 13 16 25 26 35
0 1 2 3 4 5 6 7 16 17 18 19 20 21 22 23 24 25
4 5 6 7 8 9 10 11 16 21 22 23 24 27 28 29 30 35
0 1 2 3 12 13 14 15 16 17 18 19 20 31 32 33 34 35
8 9 10 11 12 13 14 15 16 25 27 28 29 30 31 32 33 34
0 1 2 3 4 5 6 7 8 9 10 11 12 13 14 15 16 17
4 5 6 7 12 13 14 15 17 18 19 20 25 27 28 29 30 35
0 1 2 3 8 9 10 11 21 22 23 24 25 31 32 33 34 35
0 1 17 18 19 20 21 22 23 24 27 28 29 30 31 32 33 34
0 1 2 3 4 5 6 7 26 27 28 29 30 31 32 33 34 35
4 5 6 7 8 9 10 11 17 18 19 20 25 26 31 32 33 34
0 1 2 3 12 13 14 15 21 22 23 24 25 26 27 28 29 30
8 9 10 11 12 13 14 15 17 18 19 20 21 22 23 24 26 35
