# C(38,19,3) <= 15: PG(3,2) hyperplane blow-up, class sizes [4, 4, 1, 1, 4, 4, 0, 1, 4, 4, 1, 1, 4, 4, 1]
4 5 6 7 9 14 15 16 17 18 23 24 25 26 28 33 34 35 36
0 1 2 3 9 10 11 12 13 18 19 20 21 22 28 29 30 31 32
0 1 2 3 4 5 6 7 8 9 10 11 12 13 14 18 27 28 37
0 1 2 3 4 5 6 7 8 18 19 20 21 22 23 24 25 26 27
0 4 5 6 7 10 11 12 13 18 23 24 25 26 29 30 31 32 37
0 1 2 3 4 14 15 16 17 18 19 20 21 22 33 34 35 36 37
8 10 11 12 13 14 15 16 17 18 27 29 30 31 32 33 34 35 36
0 1 2 3 4 5 6 7 8 9 10 11 12 13 14 15 16 17 18
4 5 6 7 9 14 15 16 17 19 20 21 22 27 29 30 31 32 37
0 1 2 3 9 10 11 12 13 23 24 25 26 27 33 34 35 36 37
0 8 9 19 20 21 22 23 24 25 26 29 30 31 32 33 34 35 36
0 1 2 3 4 5 6 7 8 28 29 30 31 32 33 34 35 36 37
0 4 5 6 7 10 11 12 13 19 20 21 22 27 28 33 34 35 36
0 1 2 3 4 14 15 16 17 23 24 25 26 27 28 29 30 31 32
8 10 11 12 13 14 15 16 17 19 20 21 22 23 24 25 26 28 37
