# C(40,20,4) <= 31: PG(4,2) hyperplane blow-up, class sizes [1, 2, 2, 2, 2, 0, 1, 2, 2, 0, 1, 0, 1, 2, 2, 1, 0, 2, 2, 2, 2, 1, 0, 2, 2, 1, 0, 1, 0, 2, 2]
1 2 5 6 10 11 16 17 20 21 22 25 26 29 30 31 34 35 36 37
0 5 6 7 8 10 11 12 13 15 20 25 26 27 28 30 31 32 33 35
3 4 5 6 9 10 11 14 18 19 20 23 24 25 26 30 31 35 38 39
0 1 2 3 4 10 11 12 13 14 20 21 22 23 24 30 31 32 33 34
1 2 7 8 9 10 11 15 18 19 20 21 22 27 28 30 31 34 38 39
0 9 10 11 12 13 16 17 18 19 20 29 30 31 32 33 36 37 38 39
3 4 7 8 10 11 14 15 16 17 20 23 24 27 28 29 30 31 36 37
0 1 2 3 4 5 6 7 8 9 20 21 22 23 24 25 26 27 28 29
1 2 5 6 12 13 14 15 18 19 20 21 22 25 26 29 32 33 38 39
0 5 6 7 8 14 16 17 18 19 20 25 26 27 28 34 36 37 38 39
3 4 5 6 9 12 13 15 16 17 20 23 24 25 26 32 33 34 36 37
0 1 2 3 4 15 16 17 18 19 20 21 22 23 24 35 36 37 38 39
1 2 7 8 9 12 13 14 16 17 20 21 22 27 28 32 33 35 36 37
0 1 2 3 4 5 6 7 8 9 10 11 12 13 14 15 20 29 34 35
3 4 7 8 12 13 18 19 20 23 24 27 28 29 32 33 34 35 38 39
0 1 2 3 4 5 6 7 8 9 10 11 12 13 14 15 16 17 18 19
0 1 2 3 4 5 6 7 10 11 16 17 23 24 27 28 32 33 38 39
0 5 6 7 8 10 11 12 13 15 21 22 23 24 29 34 36 37 38 39
3 4 5 6 9 10 11 14 18 19 21 22 27 28 29 32 33 34 36 37
0 1 2 3 4 10 11 12 13 14 25 26 27 28 29 35 36 37 38 39
1 2 7 8 9 10 11 15 18 19 23 24 25 26 29 32 33 35 36 37
0 9 10 11 12 13 16 17 18 19 21 22 23 24 25 26 27 28 34 35
3 4 7 8 10 11 14 15 16 17 21 22 25 26 32 33 34 35 38 39
0 1 2 3 4 5 6 7 8 9 30 31 32 33 34 35 36 37 38 39
1 2 5 6 12 13 14 15 18 19 23 24 27 28 30 31 34 35 36 37
0 5 6 7 8 14 16 17 18 19 21 22 23 24 29 30 31 32 33 35
3 4 5 6 9 12 13 15 16 17 21 22 27 28 29 30 31 35 38 39
0 1 2 3 4 15 16 17 18 19 25 26 27 28 29 30 31 32 33 34
1 2 7 8 9 12 13 14 16 17 23 24 25 26 29 30 31 34 38 39
0 9 14 15 21 22 23 24 25 26 27 28 30 31 32 33 36 37 38 39
0 1 2 3 4 5 7 8 12 13 18 19 21 22 25 26 30 31 36 37
