# C(40,20,3) <= 14: AG(3,2) blow-up, class size 5
0 1 2 3 4 5 6 7 8 9 10 11 12 13 14 15 16 17 18 19
0 1 2 3 4 5 6 7 8 9 20 21 22 23 24 25 26 27 28 29
0 1 2 3 4 5 6 7 8 9 30 31 32 33 34 35 36 37 38 39
0 1 2 3 4 10 11 12 13 14 20 21 22 23 24 30 31 32 33 34
0 1 2 3 4 10 11 12 13 14 25 26 27 28 29 35 36 37 38 39
0 1 2 3 4 15 16 17 18 19 20 21 22 23 24 35 36 37 38 39
0 1 2 3 4 15 16 17 18 19 25 26 27 28 29 30 31 32 33 34
5 6 7 8 9 10 11 12 13 14 20 21 22 23 24 35 36 37 38 39
5 6 7 8 9 10 11 12 13 14 25 26 27 28 29 30 31 32 33 34
5 6 7 8 9 15 16 17 18 19 20 21 22 23 24 30 31 32 33 34
5 6 7 8 9 15 16 17 18 19 25 26 27 28 29 35 36 37 38 39
10 11 12 13 14 15 16 17 18 19 20 21 22 23 24 25 26 27 28 29
10 11 12 13 14 15 16 17 18 19 30 31 32 33 34 35 36 37 38 39
20 21 22 23 24 25 26 27 28 29 30 31 32 33 34 35 36 37 38 39
