# C(44,22,3) <= 15: PG(3,2) hyperplane blow-up, class sizes [5, 1, 4, 1, 4, 0, 5, 1, 5, 1, 5, 1, 5, 1, 5]
0 1 2 3 4 5 6 7 8 9 10 11 12 13 14 15 16 17 20 26 32 38
0 1 2 3 4 10 11 12 13 14 20 21 22 23 24 25 32 33 34 35 36 37
6 7 8 9 10 15 16 17 18 19 20 27 28 29 30 31 32 39 40 41 42 43
0 1 2 3 4 5 6 7 8 9 20 21 22 23 24 25 26 27 28 29 30 31
5 11 12 13 14 15 16 17 18 19 20 26 33 34 35 36 37 39 40 41 42 43
0 1 2 3 4 15 16 17 18 19 20 21 22 23 24 25 38 39 40 41 42 43
0 1 6 7 8 9 11 12 13 14 20 27 28 29 30 31 33 34 35 36 37 38
0 1 2 3 4 5 6 7 8 9 10 11 12 13 14 15 16 17 18 19 20 21
5 10 21 22 23 24 25 27 28 29 30 31 33 34 35 36 37 39 40 41 42 43
0 1 2 3 4 10 11 12 13 14 26 27 28 29 30 31 38 39 40 41 42 43
6 7 8 9 10 15 16 17 18 19 21 22 23 24 25 26 33 34 35 36 37 38
0 1 2 3 4 5 6 7 8 9 32 33 34 35 36 37 38 39 40 41 42 43
5 11 12 13 14 15 16 17 18 19 21 22 23 24 25 27 28 29 30 31 32 38
0 1 2 3 4 15 16 17 18 19 26 27 28 29 30 31 32 33 34 35 36 37
0 1 6 7 8 9 11 12 13 14 21 22 23 24 25 26 32 39 40 41 42 43
