# C(44,22,4) <= 31: PG(4,2) hyperplane blow-up, class sizes [0, 2, 2, 2, 2, 1, 1, 2, 2, 1, 1, 1, 1, 2, 2, 1, 1, 2, 2, 1, 1, 1, 1, 2, 2, 1, 1, 1, 1, 2, 2]
0 1 4 5 8 10 11 14 16 18 19 22 24 25 28 30 32 33 36 38 40 41
0 1 4 5 6 7 10 11 12 13 16 17 22 23 28 29 32 33 34 35 38 39
2 3 4 5 9 10 11 15 16 20 21 22 26 27 28 31 32 33 37 38 42 43
0 1 2 3 10 11 12 13 14 15 22 23 24 25 26 27 32 33 34 35 36 37
0 1 6 7 9 10 11 14 17 20 21 22 24 25 29 31 32 33 36 39 42 43
8 9 10 11 12 13 18 19 20 21 22 23 30 31 32 33 34 35 40 41 42 43
2 3 6 7 8 10 11 15 17 18 19 22 26 27 29 30 32 33 37 39 40 41
0 1 2 3 4 5 6 7 8 9 10 11 22 23 24 25 26 27 28 29 30 31
0 1 4 5 8 12 13 15 17 20 21 22 24 25 28 30 34 35 37 39 42 43
0 1 4 5 6 7 14 15 18 19 20 21 22 23 28 29 36 37 40 41 42 43
2 3 4 5 9 12 13 14 17 18 19 22 26 27 28 31 34 35 36 39 40 41
0 1 2 3 16 17 18 19 20 21 22 23 24 25 26 27 38 39 40 41 42 43
0 1 6 7 9 12 13 15 16 18 19 22 24 25 29 31 34 35 37 38 40 41
0 1 2 3 4 5 6 7 8 9 14 15 16 17 22 23 30 31 36 37 38 39
2 3 6 7 8 12 13 14 16 20 21 22 26 27 29 30 34 35 36 38 42 43
0 1 2 3 4 5 6 7 8 9 10 11 12 13 14 15 16 17 18 19 20 21
0 1 4 5 8 10 11 14 16 18 19 23 26 27 29 31 34 35 37 39 42 43
4 5 6 7 10 11 12 13 16 17 24 25 26 27 30 31 36 37 40 41 42 43
2 3 4 5 9 10 11 15 16 20 21 23 24 25 29 30 34 35 36 39 40 41
0 1 2 3 4 5 10 11 12 13 14 15 28 29 30 31 38 39 40 41 42 43
0 1 6 7 9 10 11 14 17 20 21 23 26 27 28 30 34 35 37 38 40 41
0 1 8 9 10 11 12 13 18 19 20 21 24 25 26 27 28 29 36 37 38 39
2 3 6 7 8 10 11 15 17 18 19 23 24 25 28 31 34 35 36 38 42 43
0 1 2 3 4 5 6 7 8 9 32 33 34 35 36 37 38 39 40 41 42 43
0 1 4 5 8 12 13 15 17 20 21 23 26 27 29 31 32 33 36 38 40 41
4 5 6 7 14 15 18 19 20 21 24 25 26 27 30 31 32 33 34 35 38 39
2 3 4 5 9 12 13 14 17 18 19 23 24 25 29 30 32 33 37 38 42 43
0 1 2 3 4 5 16 17 18 19 20 21 28 29 30 31 32 33 34 35 36 37
0 1 6 7 9 12 13 15 16 18 19 23 26 27 28 30 32 33 36 39 42 43
0 1 8 9 14 15 16 17 24 25 26 27 28 29 32 33 34 35 40 41 42 43
2 3 6 7 8 12 13 14 16 20 21 23 24 25 28 31 32 33 37 39 40 41
