# C(46,23,3) <= 15: PG(3,2) hyperplane blow-up, class sizes [5, 1, 5, 1, 5, 1, 4, 1, 5, 1, 5, 1, 5, 1, 5]
0 1 2 3 4 5 6 7 8 9 10 11 12 13 14 15 16 17 18 22 28 34 40
0 1 2 3 4 11 12 13 14 15 16 22 23 24 25 26 27 34 35 36 37 38 39
0 6 7 8 9 10 11 18 19 20 21 22 29 30 31 32 33 34 41 42 43 44 45
0 1 2 3 4 5 6 7 8 9 10 22 23 24 25 26 27 28 29 30 31 32 33
0 5 12 13 14 15 16 18 19 20 21 22 28 35 36 37 38 39 41 42 43 44 45
0 1 2 3 4 5 17 18 19 20 21 22 23 24 25 26 27 40 41 42 43 44 45
6 7 8 9 10 12 13 14 15 16 17 22 29 30 31 32 33 35 36 37 38 39 40
0 1 2 3 4 5 6 7 8 9 10 11 12 13 14 15 16 17 18 19 20 21 22
5 11 17 23 24 25 26 27 29 30 31 32 33 35 36 37 38 39 41 42 43 44 45
0 1 2 3 4 11 12 13 14 15 16 28 29 30 31 32 33 40 41 42 43 44 45
0 6 7 8 9 10 11 18 19 20 21 23 24 25 26 27 28 35 36 37 38 39 40
0 1 2 3 4 5 6 7 8 9 10 34 35 36 37 38 39 40 41 42 43 44 45
0 5 12 13 14 15 16 18 19 20 21 23 24 25 26 27 29 30 31 32 33 34 40
0 1 2 3 4 5 17 18 19 20 21 28 29 30 31 32 33 34 35 36 37 38 39
6 7 8 9 10 12 13 14 15 16 17 23 24 25 26 27 28 34 41 42 43 44 45
