# C(46,23,4) <= 31: PG(4,2) hyperplane blow-up, class sizes [1, 2, 2, 2, 2, 1, 1, 2, 2, 1, 1, 1, 1, 2, 2, 1, 1, 2, 2, 1, 2, 1, 1, 2, 2, 1, 1, 1, 1, 2, 2]
0 1 2 5 6 9 11 12 15 17 19 20 23 25 26 29 32 34 35 38 40 42 43
0 1 5 6 7 8 11 12 13 14 17 18 23 24 29 30 31 34 35 36 37 40 41
0 3 4 5 6 10 11 12 16 17 21 22 23 27 28 29 33 34 35 39 40 44 45
0 1 2 3 4 11 12 13 14 15 16 23 24 25 26 27 28 34 35 36 37 38 39
1 2 7 8 10 11 12 15 18 21 22 23 25 26 30 31 33 34 35 38 41 44 45
0 9 10 11 12 13 14 19 20 21 22 23 24 32 33 34 35 36 37 42 43 44 45
3 4 7 8 9 11 12 16 18 19 20 23 27 28 30 31 32 34 35 39 41 42 43
0 1 2 3 4 5 6 7 8 9 10 11 23 24 25 26 27 28 29 30 31 32 33
0 1 2 5 6 9 13 14 16 18 21 22 23 25 26 29 32 36 37 39 41 44 45
0 1 5 6 7 8 15 16 19 20 21 22 23 24 29 30 31 38 39 42 43 44 45
0 3 4 5 6 10 13 14 15 18 19 20 23 27 28 29 33 36 37 38 41 42 43
0 1 2 3 4 17 18 19 20 21 22 23 24 25 26 27 28 40 41 42 43 44 45
1 2 7 8 10 13 14 16 17 19 20 23 25 26 30 31 33 36 37 39 40 42 43
0 1 2 3 4 5 6 7 8 9 10 15 16 17 18 23 24 32 33 38 39 40 41
3 4 7 8 9 13 14 15 17 21 22 23 27 28 30 31 32 36 37 38 40 44 45
0 1 2 3 4 5 6 7 8 9 10 11 12 13 14 15 16 17 18 19 20 21 22
1 2 5 6 9 11 12 15 17 19 20 24 27 28 30 31 33 36 37 39 41 44 45
0 5 6 7 8 11 12 13 14 17 18 25 26 27 28 32 33 38 39 42 43 44 45
3 4 5 6 10 11 12 16 17 21 22 24 25 26 30 31 32 36 37 38 41 42 43
0 1 2 3 4 5 11 12 13 14 15 16 29 30 31 32 33 40 41 42 43 44 45
0 1 2 7 8 10 11 12 15 18 21 22 24 27 28 29 32 36 37 39 40 42 43
0 1 9 10 11 12 13 14 19 20 21 22 25 26 27 28 29 30 31 38 39 40 41
0 3 4 7 8 9 11 12 16 18 19 20 24 25 26 29 33 36 37 38 40 44 45
0 1 2 3 4 5 6 7 8 9 10 34 35 36 37 38 39 40 41 42 43 44 45
1 2 5 6 9 13 14 16 18 21 22 24 27 28 30 31 33 34 35 38 40 42 43
0 5 6 7 8 15 16 19 20 21 22 25 26 27 28 32 33 34 35 36 37 40 41
3 4 5 6 10 13 14 15 18 19 20 24 25 26 30 31 32 34 35 39 40 44 45
0 1 2 3 4 5 17 18 19 20 21 22 29 30 31 32 33 34 35 36 37 38 39
0 1 2 7 8 10 13 14 16 17 19 20 24 27 28 29 32 34 35 38 41 44 45
0 1 9 10 15 16 17 18 25 26 27 28 29 30 31 34 35 36 37 42 43 44 45
0 3 4 7 8 9 13 14 15 17 21 22 24 25 26 29 33 34 35 39 41 42 43
