# C(48,24,4) <= 30: AG(4,2) blow-up, class size 3
0 1 2 3 4 5 6 7 8 9 10 11 12 13 14 15 16 17 18 19 20 21 22 23
0 1 2 3 4 5 6 7 8 9 10 11 24 25 26 27 28 29 30 31 32 33 34 35
0 1 2 3 4 5 6 7 8 9 10 11 36 37 38 39 40 41 42 43 44 45 46 47
0 1 2 3 4 5 12 13 14 15 16 17 24 25 26 27 28 29 36 37 38 39 40 41
0 1 2 3 4 5 12 13 14 15 16 17 30 31 32 33 34 35 42 43 44 45 46 47
0 1 2 3 4 5 18 19 20 21 22 23 24 25 26 27 28 29 42 43 44 45 46 47
0 1 2 3 4 5 18 19 20 21 22 23 30 31 32 33 34 35 36 37 38 39 40 41
0 1 2 6 7 8 12 13 14 18 19 20 24 25 26 30 31 32 36 37 38 42 43 44
0 1 2 6 7 8 12 13 14 18 19 20 27 28 29 33 34 35 39 40 41 45 46 47
0 1 2 6 7 8 15 16 17 21 22 23 24 25 26 30 31 32 39 40 41 45 46 47
0 1 2 6 7 8 15 16 17 21 22 23 27 28 29 33 34 35 36 37 38 42 43 44
0 1 2 9 10 11 12 13 14 21 22 23 24 25 26 33 34 35 36 37 38 45 46 47
0 1 2 9 10 11 12 13 14 21 22 23 27 28 29 30 31 32 39 40 41 42 43 44
0 1 2 9 10 11 15 16 17 18 19 20 24 25 26 33 34 35 39 40 41 42 43 44
0 1 2 9 10 11 15 16 17 18 19 20 27 28 29 30 31 32 36 37 38 45 46 47
3 4 5 6 7 8 12 13 14 21 22 23 24 25 26 33 34 35 39 40 41 42 43 44
3 4 5 6 7 8 12 13 14 21 22 23 27 28 29 30 31 32 36 37 38 45 46 47
3 4 5 6 7 8 15 16 17 18 19 20 24 25 26 33 34 35 36 37 38 45 46 47
3 4 5 6 7 8 15 16 17 18 19 20 27 28 29 30 31 32 39 40 41 42 43 44
3 4 5 9 10 11 12 13 14 18 19 20 24 25 26 30 31 32 39 40 41 45 46 47
3 4 5 9 10 11 12 13 14 18 19 20 27 28 29 33 34 35 36 37 38 42 43 44
3 4 5 9 10 11 15 16 17 21 22 23 24 25 26 30 31 32 36 37 38 42 43 44
3 4 5 9 10 11 15 16 17 21 22 23 27 28 29 33 34 35 39 40 41 45 46 47
6 7 8 9 10 11 12 13 14 15 16 17 24 25 26 27 28 29 42 43 44 45 46 47
6 7 8 9 10 11 12 13 14 15 16 17 30 31 32 33 34 35 36 37 38 39 40 41
6 7 8 9 10 11 18 19 20 21 22 23 24 25 26 27 28 29 36 37 38 39 40 41
6 7 8 9 10 11 18 19 20 21 22 23 30 31 32 33 34 35 42 43 44 45 46 47
12 13 14 15 16 17 18 19 20 21 22 23 24 25 26 27 28 29 30 31 32 33 34 35
12 13 14 15 16 17 18 19 20 21 22 23 36 37 38 39 40 41 42 43 44 45 46 47
24 25 26 27 28 29 30 31 32 33 34 35 36 37 38 39 40 41 42 43 44 45 46 47
