# C(50,25,3) <= 15: PG(3,2) hyperplane blow-up, class sizes [4, 4, 3, 3, 4, 4, 0, 3, 4, 4, 3, 3, 4, 4, 3]
4 5 6 7 11 12 13 18 19 20 21 22 23 24 29 30 31 32 36 37 38 43 44 45 46
0 1 2 3 11 12 13 14 15 16 17 22 23 24 25 26 27 28 36 37 38 39 40 41 42
0 1 2 3 4 5 6 8 9 10 11 12 13 22 23 24 33 34 35 36 37 38 47 48 49
0 1 2 3 4 5 6 7 8 9 10 22 23 24 25 26 27 28 29 30 31 32 33 34 35
0 1 2 4 5 6 7 14 15 16 17 22 23 24 29 30 31 32 39 40 41 42 47 48 49
0 1 2 3 4 5 6 18 19 20 21 22 23 24 25 26 27 28 43 44 45 46 47 48 49
8 9 10 14 15 16 17 18 19 20 21 22 23 24 33 34 35 39 40 41 42 43 44 45 46
0 1 2 3 4 5 6 7 8 9 10 11 12 13 14 15 16 17 18 19 20 21 22 23 24
4 5 6 7 11 12 13 18 19 20 21 25 26 27 28 33 34 35 39 40 41 42 47 48 49
0 1 2 3 11 12 13 14 15 16 17 29 30 31 32 33 34 35 43 44 45 46 47 48 49
0 1 2 8 9 10 11 12 13 25 26 27 28 29 30 31 32 39 40 41 42 43 44 45 46
0 1 2 3 4 5 6 7 8 9 10 36 37 38 39 40 41 42 43 44 45 46 47 48 49
0 1 2 4 5 6 7 14 15 16 17 25 26 27 28 33 34 35 36 37 38 43 44 45 46
0 1 2 3 4 5 6 18 19 20 21 29 30 31 32 33 34 35 36 37 38 39 40 41 42
8 9 10 14 15 16 17 18 19 20 21 25 26 27 28 29 30 31 32 36 37 38 47 48 49
