# C(52,26,4) <= 31: PG(4,2) hyperplane blow-up, class sizes [2, 2, 2, 2, 2, 1, 1, 2, 2, 1, 2, 1, 2, 2, 2, 1, 2, 2, 1, 1, 2, 1, 2, 2, 2, 1, 2, 1, 2, 2, 2]
0 1 2 3 4 5 6 7 10 12 13 16 19 22 23 26 29 30 32 35 38 39 42 45 48 49
0 1 6 7 8 9 12 13 14 15 19 20 21 26 27 28 32 33 34 38 39 40 41 45 46 47
0 1 4 5 6 7 11 12 13 17 18 19 24 25 26 31 32 36 37 38 39 43 44 45 50 51
0 1 2 3 4 5 12 13 14 15 16 17 18 26 27 28 29 30 31 38 39 40 41 42 43 44
2 3 8 9 11 12 13 16 20 21 24 25 26 29 30 33 34 36 37 38 39 42 46 47 50 51
0 1 10 11 12 13 14 15 22 23 24 25 26 27 28 35 36 37 38 39 40 41 48 49 50 51
4 5 8 9 10 12 13 17 18 20 21 22 23 26 31 33 34 35 38 39 43 44 46 47 48 49
0 1 2 3 4 5 6 7 8 9 10 11 12 13 26 27 28 29 30 31 32 33 34 35 36 37
2 3 6 7 10 14 15 17 18 20 21 24 25 26 29 30 32 35 40 41 43 44 46 47 50 51
0 1 6 7 8 9 16 17 18 22 23 24 25 26 27 28 32 33 34 42 43 44 48 49 50 51
0 1 4 5 6 7 11 14 15 16 20 21 22 23 26 31 32 36 37 40 41 42 46 47 48 49
0 1 2 3 4 5 19 20 21 22 23 24 25 26 27 28 29 30 31 45 46 47 48 49 50 51
2 3 8 9 11 14 15 17 18 19 22 23 26 29 30 33 34 36 37 40 41 43 44 45 48 49
0 1 2 3 4 5 10 11 16 17 18 19 20 21 26 27 28 35 36 37 42 43 44 45 46 47
0 1 2 3 4 5 8 9 10 14 15 16 19 24 25 26 31 33 34 35 40 41 42 45 50 51
0 1 2 3 4 5 6 7 8 9 10 11 12 13 14 15 16 17 18 19 20 21 22 23 24 25
2 3 6 7 10 12 13 16 19 22 23 27 28 31 33 34 36 37 40 41 43 44 46 47 50 51
0 1 6 7 8 9 12 13 14 15 19 20 21 29 30 31 35 36 37 42 43 44 48 49 50 51
4 5 6 7 11 12 13 17 18 19 24 25 27 28 29 30 33 34 35 40 41 42 46 47 48 49
0 1 2 3 4 5 12 13 14 15 16 17 18 32 33 34 35 36 37 45 46 47 48 49 50 51
0 1 2 3 8 9 11 12 13 16 20 21 24 25 27 28 31 32 35 40 41 43 44 45 48 49
0 1 2 3 10 11 12 13 14 15 22 23 24 25 29 30 31 32 33 34 42 43 44 45 46 47
4 5 8 9 10 12 13 17 18 20 21 22 23 27 28 29 30 32 36 37 40 41 42 45 50 51
0 1 2 3 4 5 6 7 8 9 10 11 38 39 40 41 42 43 44 45 46 47 48 49 50 51
2 3 6 7 10 14 15 17 18 20 21 24 25 27 28 31 33 34 36 37 38 39 42 45 48 49
0 1 6 7 8 9 16 17 18 22 23 24 25 29 30 31 35 36 37 38 39 40 41 45 46 47
4 5 6 7 11 14 15 16 20 21 22 23 27 28 29 30 33 34 35 38 39 43 44 45 50 51
0 1 2 3 4 5 19 20 21 22 23 24 25 32 33 34 35 36 37 38 39 40 41 42 43 44
0 1 2 3 8 9 11 14 15 17 18 19 22 23 27 28 31 32 35 38 39 42 46 47 50 51
0 1 2 3 10 11 16 17 18 19 20 21 29 30 31 32 33 34 38 39 40 41 48 49 50 51
4 5 8 9 10 14 15 16 19 24 25 27 28 29 30 32 36 37 38 39 43 44 46 47 48 49
