# C(52,26,3) <= 15: PG(3,2) hyperplane blow-up, class sizes [6, 6, 0, 0, 6, 6, 0, 1, 6, 6, 1, 1, 6, 6, 1]
6 7 8 9 10 11 18 19 20 21 22 23 24 31 32 33 34 35 36 38 45 46 47 48 49 50
0 1 2 3 4 5 12 13 14 15 16 17 24 25 26 27 28 29 30 38 39 40 41 42 43 44
0 1 2 3 4 5 6 7 8 9 10 11 12 13 14 15 16 17 18 19 20 21 24 37 38 51
0 1 2 3 4 5 6 7 8 9 10 11 24 25 26 27 28 29 30 31 32 33 34 35 36 37
6 7 8 9 10 11 12 13 14 15 16 17 24 31 32 33 34 35 36 39 40 41 42 43 44 51
0 1 2 3 4 5 18 19 20 21 22 23 24 25 26 27 28 29 30 45 46 47 48 49 50 51
12 13 14 15 16 17 18 19 20 21 22 23 24 37 39 40 41 42 43 44 45 46 47 48 49 50
0 1 2 3 4 5 6 7 8 9 10 11 12 13 14 15 16 17 18 19 20 21 22 23 24 25
6 7 8 9 10 11 18 19 20 21 22 23 25 26 27 28 29 30 37 39 40 41 42 43 44 51
0 1 2 3 4 5 12 13 14 15 16 17 31 32 33 34 35 36 37 45 46 47 48 49 50 51
0 1 25 26 27 28 29 30 31 32 33 34 35 36 39 40 41 42 43 44 45 46 47 48 49 50
0 1 2 3 4 5 6 7 8 9 10 11 38 39 40 41 42 43 44 45 46 47 48 49 50 51
6 7 8 9 10 11 12 13 14 15 16 17 25 26 27 28 29 30 37 38 45 46 47 48 49 50
0 1 2 3 4 5 18 19 20 21 22 23 31 32 33 34 35 36 37 38 39 40 41 42 43 44
12 13 14 15 16 17 18 19 20 21 22 23 25 26 27 28 29 30 31 32 33 34 35 36 38 51
