# C(54,27,3) <= 15: PG(3,2) hyperplane blow-up, class sizes [6, 6, 1, 1, 6, 6, 0, 1, 6, 6, 1, 1, 6, 6, 1]
6 7 8 9 10 11 13 20 21 22 23 24 25 26 33 34 35 36 37 38 40 47 48 49 50 51 52
0 1 2 3 4 5 13 14 15 16 17 18 19 26 27 28 29 30 31 32 40 41 42 43 44 45 46
0 1 2 3 4 5 6 7 8 9 10 11 12 13 14 15 16 17 18 19 20 21 22 26 39 40 53
0 1 2 3 4 5 6 7 8 9 10 11 12 26 27 28 29 30 31 32 33 34 35 36 37 38 39
0 6 7 8 9 10 11 14 15 16 17 18 19 26 33 34 35 36 37 38 41 42 43 44 45 46 53
0 1 2 3 4 5 6 20 21 22 23 24 25 26 27 28 29 30 31 32 47 48 49 50 51 52 53
12 14 15 16 17 18 19 20 21 22 23 24 25 26 39 41 42 43 44 45 46 47 48 49 50 51 52
0 1 2 3 4 5 6 7 8 9 10 11 12 13 14 15 16 17 18 19 20 21 22 23 24 25 26
6 7 8 9 10 11 13 20 21 22 23 24 25 27 28 29 30 31 32 39 41 42 43 44 45 46 53
0 1 2 3 4 5 13 14 15 16 17 18 19 33 34 35 36 37 38 39 47 48 49 50 51 52 53
0 12 13 27 28 29 30 31 32 33 34 35 36 37 38 41 42 43 44 45 46 47 48 49 50 51 52
0 1 2 3 4 5 6 7 8 9 10 11 12 40 41 42 43 44 45 46 47 48 49 50 51 52 53
0 6 7 8 9 10 11 14 15 16 17 18 19 27 28 29 30 31 32 39 40 47 48 49 50 51 52
0 1 2 3 4 5 6 20 21 22 23 24 25 33 34 35 36 37 38 39 40 41 42 43 44 45 46
12 14 15 16 17 18 19 20 21 22 23 24 25 27 28 29 30 31 32 33 34 35 36 37 38 40 53
