# C(54,27,4) <= 31: PG(4,2) hyperplane blow-up, class sizes [2, 2, 2, 2, 2, 1, 2, 2, 2, 2, 1, 1, 1, 2, 2, 1, 2, 2, 2, 2, 2, 1, 2, 2, 2, 2, 1, 2, 1, 2, 2]
0 2 3 6 7 10 13 14 17 18 20 22 23 26 29 30 33 34 37 40 41 44 45 47 48 50 51
0 1 2 6 7 8 9 13 14 15 16 20 21 26 27 28 33 34 35 36 40 41 42 43 47 48 49
0 4 5 6 7 11 12 13 14 19 20 24 25 26 31 32 33 34 38 39 40 41 46 47 48 52 53
0 1 2 3 4 5 13 14 15 16 17 18 19 26 27 28 29 30 31 32 40 41 42 43 44 45 46
2 3 8 9 11 12 13 14 17 18 21 24 25 26 29 30 35 36 38 39 40 41 44 45 49 52 53
0 1 10 11 12 13 14 15 16 22 23 24 25 26 27 28 37 38 39 40 41 42 43 50 51 52 53
0 1 2 3 4 5 8 9 10 13 14 19 21 22 23 26 31 32 35 36 37 40 41 46 49 50 51
0 1 2 3 4 5 6 7 8 9 10 11 12 26 27 28 29 30 31 32 33 34 35 36 37 38 39
0 1 2 3 4 5 6 7 10 15 16 19 21 24 25 26 29 30 33 34 37 42 43 46 49 52 53
0 1 6 7 8 9 17 18 19 22 23 24 25 26 27 28 33 34 35 36 44 45 46 50 51 52 53
4 5 6 7 11 12 15 16 17 18 21 22 23 26 31 32 33 34 38 39 42 43 44 45 49 50 51
0 1 2 3 4 5 6 20 21 22 23 24 25 26 27 28 29 30 31 32 47 48 49 50 51 52 53
0 2 3 8 9 11 12 15 16 19 20 22 23 26 29 30 35 36 38 39 42 43 46 47 48 50 51
0 1 2 3 4 5 6 10 11 12 17 18 19 20 21 26 27 28 37 38 39 44 45 46 47 48 49
0 4 5 8 9 10 15 16 17 18 20 24 25 26 31 32 35 36 37 42 43 44 45 47 48 52 53
0 1 2 3 4 5 6 7 8 9 10 11 12 13 14 15 16 17 18 19 20 21 22 23 24 25 26
0 2 3 6 7 10 13 14 17 18 20 22 23 27 28 31 32 35 36 38 39 42 43 46 49 52 53
0 1 2 6 7 8 9 13 14 15 16 20 21 29 30 31 32 37 38 39 44 45 46 50 51 52 53
0 4 5 6 7 11 12 13 14 19 20 24 25 27 28 29 30 35 36 37 42 43 44 45 49 50 51
0 1 2 3 4 5 13 14 15 16 17 18 19 33 34 35 36 37 38 39 47 48 49 50 51 52 53
2 3 8 9 11 12 13 14 17 18 21 24 25 27 28 31 32 33 34 37 42 43 46 47 48 50 51
0 1 10 11 12 13 14 15 16 22 23 24 25 29 30 31 32 33 34 35 36 44 45 46 47 48 49
4 5 8 9 10 13 14 19 21 22 23 27 28 29 30 33 34 38 39 42 43 44 45 47 48 52 53
0 1 2 3 4 5 6 7 8 9 10 11 12 40 41 42 43 44 45 46 47 48 49 50 51 52 53
2 3 6 7 10 15 16 19 21 24 25 27 28 31 32 35 36 38 39 40 41 44 45 47 48 50 51
0 1 6 7 8 9 17 18 19 22 23 24 25 29 30 31 32 37 38 39 40 41 42 43 47 48 49
4 5 6 7 11 12 15 16 17 18 21 22 23 27 28 29 30 35 36 37 40 41 46 47 48 52 53
0 1 2 3 4 5 6 20 21 22 23 24 25 33 34 35 36 37 38 39 40 41 42 43 44 45 46
0 2 3 8 9 11 12 15 16 19 20 22 23 27 28 31 32 33 34 37 40 41 44 45 49 52 53
0 1 2 10 11 12 17 18 19 20 21 29 30 31 32 33 34 35 36 40 41 42 43 50 51 52 53
0 4 5 8 9 10 15 16 17 18 20 24 25 27 28 29 30 33 34 38 39 40 41 46 49 50 51
