# C(56,28,4) <= 31: PG(4,2) hyperplane blow-up, class sizes [0, 2, 2, 2, 2, 2, 2, 2, 2, 2, 2, 2, 2, 2, 2, 2, 2, 2, 2, 0, 0, 2, 2, 2, 2, 2, 2, 2, 2, 2, 2]
0 1 4 5 8 9 12 13 16 17 20 21 24 25 28 29 32 33 36 37 40 41 44 45 48 49 52 53
0 1 2 3 4 5 6 7 12 13 14 15 20 21 22 23 28 29 30 31 40 41 42 43 48 49 50 51
2 3 4 5 10 11 12 13 18 19 20 21 26 27 28 29 34 35 38 39 40 41 46 47 48 49 54 55
0 1 2 3 12 13 14 15 16 17 18 19 28 29 30 31 32 33 34 35 40 41 42 43 44 45 46 47
0 1 6 7 10 11 12 13 16 17 22 23 26 27 28 29 32 33 38 39 40 41 44 45 50 51 54 55
8 9 10 11 12 13 14 15 24 25 26 27 28 29 30 31 36 37 38 39 40 41 42 43 52 53 54 55
2 3 6 7 8 9 12 13 18 19 22 23 24 25 28 29 34 35 36 37 40 41 46 47 50 51 52 53
0 1 2 3 4 5 6 7 8 9 10 11 12 13 14 15 28 29 30 31 32 33 34 35 36 37 38 39
0 1 4 5 8 9 14 15 18 19 22 23 26 27 28 29 32 33 36 37 42 43 46 47 50 51 54 55
0 1 2 3 4 5 6 7 16 17 18 19 24 25 26 27 28 29 30 31 44 45 46 47 52 53 54 55
2 3 4 5 10 11 14 15 16 17 22 23 24 25 28 29 34 35 38 39 42 43 44 45 50 51 52 53
0 1 2 3 20 21 22 23 24 25 26 27 28 29 30 31 32 33 34 35 48 49 50 51 52 53 54 55
0 1 6 7 10 11 14 15 18 19 20 21 24 25 28 29 32 33 38 39 42 43 46 47 48 49 52 53
8 9 10 11 16 17 18 19 20 21 22 23 28 29 30 31 36 37 38 39 44 45 46 47 48 49 50 51
2 3 6 7 8 9 14 15 16 17 20 21 26 27 28 29 34 35 36 37 42 43 44 45 48 49 54 55
0 1 2 3 4 5 6 7 8 9 10 11 12 13 14 15 16 17 18 19 20 21 22 23 24 25 26 27
0 1 4 5 8 9 12 13 16 17 20 21 24 25 30 31 34 35 38 39 42 43 46 47 50 51 54 55
4 5 6 7 12 13 14 15 20 21 22 23 32 33 34 35 36 37 38 39 44 45 46 47 52 53 54 55
2 3 4 5 10 11 12 13 18 19 20 21 26 27 30 31 32 33 36 37 42 43 44 45 50 51 52 53
0 1 2 3 4 5 6 7 12 13 14 15 16 17 18 19 36 37 38 39 48 49 50 51 52 53 54 55
0 1 6 7 10 11 12 13 16 17 22 23 26 27 30 31 34 35 36 37 42 43 46 47 48 49 52 53
0 1 2 3 8 9 10 11 12 13 14 15 24 25 26 27 32 33 34 35 44 45 46 47 48 49 50 51
2 3 6 7 8 9 12 13 18 19 22 23 24 25 30 31 32 33 38 39 42 43 44 45 48 49 54 55
0 1 2 3 4 5 6 7 8 9 10 11 40 41 42 43 44 45 46 47 48 49 50 51 52 53 54 55
0 1 4 5 8 9 14 15 18 19 22 23 26 27 30 31 34 35 38 39 40 41 44 45 48 49 52 53
4 5 6 7 16 17 18 19 24 25 26 27 32 33 34 35 36 37 38 39 40 41 42 43 48 49 50 51
2 3 4 5 10 11 14 15 16 17 22 23 24 25 30 31 32 33 36 37 40 41 46 47 48 49 54 55
0 1 2 3 4 5 6 7 20 21 22 23 24 25 26 27 36 37 38 39 40 41 42 43 44 45 46 47
0 1 6 7 10 11 14 15 18 19 20 21 24 25 30 31 34 35 36 37 40 41 44 45 50 51 54 55
0 1 2 3 8 9 10 11 16 17 18 19 20 21 22 23 32 33 34 35 40 41 42 43 52 53 54 55
2 3 6 7 8 9 14 15 16 17 20 21 26 27 30 31 32 33 38 39 40 41 46 47 50 51 52 53
