# C(56,28,3) <= 15: PG(3,2) hyperplane blow-up, class sizes [7, 7, 0, 0, 7, 7, 0, 0, 7, 7, 0, 0, 7, 7, 0]
7 8 9 10 11 12 13 21 22 23 24 25 26 27 35 36 37 38 39 40 41 49 50 51 52 53 54 55
0 1 2 3 4 5 6 14 15 16 17 18 19 20 28 29 30 31 32 33 34 42 43 44 45 46 47 48
0 1 2 3 4 5 6 7 8 9 10 11 12 13 14 15 16 17 18 19 20 21 22 23 24 25 26 27
0 1 2 3 4 5 6 7 8 9 10 11 12 13 28 29 30 31 32 33 34 35 36 37 38 39 40 41
7 8 9 10 11 12 13 14 15 16 17 18 19 20 35 36 37 38 39 40 41 42 43 44 45 46 47 48
0 1 2 3 4 5 6 21 22 23 24 25 26 27 28 29 30 31 32 33 34 49 50 51 52 53 54 55
14 15 16 17 18 19 20 21 22 23 24 25 26 27 42 43 44 45 46 47 48 49 50 51 52 53 54 55
0 1 2 3 4 5 6 7 8 9 10 11 12 13 14 15 16 17 18 19 20 21 22 23 24 25 26 27
7 8 9 10 11 12 13 21 22 23 24 25 26 27 28 29 30 31 32 33 34 42 43 44 45 46 47 48
0 1 2 3 4 5 6 14 15 16 17 18 19 20 35 36 37 38 39 40 41 49 50 51 52 53 54 55
28 29 30 31 32 33 34 35 36 37 38 39 40 41 42 43 44 45 46 47 48 49 50 51 52 53 54 55
0 1 2 3 4 5 6 7 8 9 10 11 12 13 42 43 44 45 46 47 48 49 50 51 52 53 54 55
7 8 9 10 11 12 13 14 15 16 17 18 19 20 28 29 30 31 32 33 34 49 50 51 52 53 54 55
0 1 2 3 4 5 6 21 22 23 24 25 26 27 35 36 37 38 39 40 41 42 43 44 45 46 47 48
14 15 16 17 18 19 20 21 22 23 24 25 26 27 28 29 30 31 32 33 34 35 36 37 38 39 40 41
