# C(58,29,4) <= 31: PG(4,2) hyperplane blow-up, class sizes [1, 2, 2, 2, 2, 2, 2, 2, 2, 2, 2, 2, 2, 2, 2, 2, 2, 2, 2, 0, 1, 2, 2, 2, 2, 2, 2, 2, 2, 2, 2]
0 1 2 5 6 9 10 13 14 17 18 21 22 25 26 29 30 33 34 38 39 42 43 46 47 50 51 54 55
0 1 2 3 5 6 7 8 13 14 15 16 21 22 23 24 29 30 31 32 37 42 43 44 45 50 51 52 53
0 3 4 5 6 11 12 13 14 19 20 21 22 27 28 29 30 35 36 40 41 42 43 48 49 50 51 56 57
0 1 2 3 4 13 14 15 16 17 18 19 20 29 30 31 32 33 34 35 36 42 43 44 45 46 47 48 49
1 2 7 8 11 12 13 14 17 18 23 24 27 28 29 30 33 34 37 40 41 42 43 46 47 52 53 56 57
0 9 10 11 12 13 14 15 16 25 26 27 28 29 30 31 32 38 39 40 41 42 43 44 45 54 55 56 57
3 4 7 8 9 10 13 14 19 20 23 24 25 26 29 30 35 36 37 38 39 42 43 48 49 52 53 54 55
0 1 2 3 4 5 6 7 8 9 10 11 12 13 14 15 29 30 31 32 33 34 35 36 37 38 39 40 41
0 1 2 5 6 9 10 15 16 19 20 23 24 27 28 29 30 33 34 38 39 44 45 48 49 52 53 56 57
0 1 2 3 5 6 7 8 17 18 19 20 25 26 27 28 29 30 31 32 37 46 47 48 49 54 55 56 57
0 3 4 5 6 11 12 15 16 17 18 23 24 25 26 29 30 35 36 40 41 44 45 46 47 52 53 54 55
0 1 2 3 4 21 22 23 24 25 26 27 28 29 30 31 32 33 34 35 36 50 51 52 53 54 55 56 57
1 2 7 8 11 12 15 16 19 20 21 22 25 26 29 30 33 34 37 40 41 44 45 48 49 50 51 54 55
0 9 10 11 12 17 18 19 20 21 22 23 24 29 30 31 32 38 39 40 41 46 47 48 49 50 51 52 53
3 4 7 8 9 10 15 16 17 18 21 22 27 28 29 30 35 36 37 38 39 44 45 46 47 50 51 56 57
0 1 2 3 4 5 6 7 8 9 10 11 12 13 14 15 16 17 18 19 20 21 22 23 24 25 26 27 28
1 2 5 6 9 10 13 14 17 18 21 22 25 26 31 32 35 36 37 40 41 44 45 48 49 52 53 56 57
0 5 6 7 8 13 14 15 16 21 22 23 24 33 34 35 36 38 39 40 41 46 47 48 49 54 55 56 57
3 4 5 6 11 12 13 14 19 20 21 22 27 28 31 32 33 34 37 38 39 44 45 46 47 52 53 54 55
0 1 2 3 4 5 6 7 13 14 15 16 17 18 19 20 37 38 39 40 41 50 51 52 53 54 55 56 57
0 1 2 7 8 11 12 13 14 17 18 23 24 27 28 31 32 35 36 38 39 44 45 48 49 50 51 54 55
0 1 2 3 9 10 11 12 13 14 15 16 25 26 27 28 33 34 35 36 37 46 47 48 49 50 51 52 53
0 3 4 7 8 9 10 13 14 19 20 23 24 25 26 31 32 33 34 40 41 44 45 46 47 50 51 56 57
0 1 2 3 4 5 6 7 8 9 10 11 12 42 43 44 45 46 47 48 49 50 51 52 53 54 55 56 57
1 2 5 6 9 10 15 16 19 20 23 24 27 28 31 32 35 36 37 40 41 42 43 46 47 50 51 54 55
0 5 6 7 8 17 18 19 20 25 26 27 28 33 34 35 36 38 39 40 41 42 43 44 45 50 51 52 53
3 4 5 6 11 12 15 16 17 18 23 24 25 26 31 32 33 34 37 38 39 42 43 48 49 50 51 56 57
0 1 2 3 4 5 6 7 21 22 23 24 25 26 27 28 37 38 39 40 41 42 43 44 45 46 47 48 49
0 1 2 7 8 11 12 15 16 19 20 21 22 25 26 31 32 35 36 38 39 42 43 46 47 52 53 56 57
0 1 2 3 9 10 11 12 17 18 19 20 21 22 23 24 33 34 35 36 37 42 43 44 45 54 55 56 57
0 3 4 7 8 9 10 15 16 17 18 21 22 27 28 31 32 33 34 40 41 42 43 48 49 52 53 54 55
