# C(58,29,3) <= 15: PG(3,2) hyperplane blow-up, class sizes [5, 5, 3, 3, 5, 5, 0, 3, 5, 5, 3, 3, 5, 5, 3]
5 6 7 8 9 13 14 15 21 22 23 24 25 26 27 28 34 35 36 37 38 42 43 44 50 51 52 53 54
0 1 2 3 4 13 14 15 16 17 18 19 20 26 27 28 29 30 31 32 33 42 43 44 45 46 47 48 49
0 1 2 3 4 5 6 7 8 9 10 11 12 13 14 15 16 26 27 28 39 40 41 42 43 44 55 56 57
0 1 2 3 4 5 6 7 8 9 10 11 12 26 27 28 29 30 31 32 33 34 35 36 37 38 39 40 41
0 1 2 5 6 7 8 9 16 17 18 19 20 26 27 28 34 35 36 37 38 45 46 47 48 49 55 56 57
0 1 2 3 4 5 6 7 21 22 23 24 25 26 27 28 29 30 31 32 33 50 51 52 53 54 55 56 57
10 11 12 16 17 18 19 20 21 22 23 24 25 26 27 28 39 40 41 45 46 47 48 49 50 51 52 53 54
0 1 2 3 4 5 6 7 8 9 10 11 12 13 14 15 16 17 18 19 20 21 22 23 24 25 26 27 28
5 6 7 8 9 13 14 15 21 22 23 24 25 29 30 31 32 33 39 40 41 45 46 47 48 49 55 56 57
0 1 2 3 4 13 14 15 16 17 18 19 20 34 35 36 37 38 39 40 41 50 51 52 53 54 55 56 57
0 1 2 10 11 12 13 14 15 29 30 31 32 33 34 35 36 37 38 45 46 47 48 49 50 51 52 53 54
0 1 2 3 4 5 6 7 8 9 10 11 12 42 43 44 45 46 47 48 49 50 51 52 53 54 55 56 57
0 1 2 5 6 7 8 9 16 17 18 19 20 29 30 31 32 33 39 40 41 42 43 44 50 51 52 53 54
0 1 2 3 4 5 6 7 21 22 23 24 25 34 35 36 37 38 39 40 41 42 43 44 45 46 47 48 49
10 11 12 16 17 18 19 20 21 22 23 24 25 29 30 31 32 33 34 35 36 37 38 42 43 44 55 56 57
