# C(60,30,4) <= 31: PG(4,2) hyperplane blow-up, class sizes [0, 3, 3, 3, 3, 1, 1, 3, 3, 1, 1, 1, 1, 3, 3, 1, 1, 3, 3, 2, 2, 1, 1, 3, 3, 1, 1, 1, 1, 3, 3]
0 1 2 6 7 8 12 14 15 16 20 22 24 25 26 30 32 33 34 38 39 42 44 45 46 50 52 54 55 56
0 1 6 7 8 9 10 11 14 15 16 17 18 19 22 23 30 31 38 39 40 41 44 45 46 47 48 49 52 53
3 4 5 6 7 8 13 14 15 16 21 22 27 28 29 30 35 36 37 38 39 43 44 45 46 51 52 57 58 59
0 1 2 3 4 5 14 15 16 17 18 19 20 21 30 31 32 33 34 35 36 37 44 45 46 47 48 49 50 51
0 1 2 9 10 11 13 14 15 16 20 23 27 28 29 30 32 33 34 40 41 43 44 45 46 50 53 57 58 59
12 13 14 15 16 17 18 19 24 25 26 27 28 29 30 31 42 43 44 45 46 47 48 49 54 55 56 57 58 59
3 4 5 9 10 11 12 14 15 16 21 23 24 25 26 30 35 36 37 40 41 42 44 45 46 51 53 54 55 56
0 1 2 3 4 5 6 7 8 9 10 11 12 13 14 15 30 31 32 33 34 35 36 37 38 39 40 41 42 43
0 1 2 6 7 8 12 17 18 19 21 23 27 28 29 30 32 33 34 38 39 42 47 48 49 51 53 57 58 59
0 1 6 7 8 9 10 11 20 21 24 25 26 27 28 29 30 31 38 39 40 41 50 51 54 55 56 57 58 59
3 4 5 6 7 8 13 17 18 19 20 23 24 25 26 30 35 36 37 38 39 43 47 48 49 50 53 54 55 56
0 1 2 3 4 5 22 23 24 25 26 27 28 29 30 31 32 33 34 35 36 37 52 53 54 55 56 57 58 59
0 1 2 9 10 11 13 17 18 19 21 22 24 25 26 30 32 33 34 40 41 43 47 48 49 51 52 54 55 56
0 1 2 3 4 5 6 7 8 9 10 11 12 13 14 15 16 17 20 21 22 23 30 31 42 43 50 51 52 53
3 4 5 9 10 11 12 17 18 19 20 22 27 28 29 30 35 36 37 40 41 42 47 48 49 50 52 57 58 59
0 1 2 3 4 5 6 7 8 9 10 11 12 13 14 15 16 17 18 19 20 21 22 23 24 25 26 27 28 29
0 1 2 6 7 8 12 14 15 16 20 22 24 25 26 31 35 36 37 40 41 43 47 48 49 51 53 57 58 59
6 7 8 9 10 11 14 15 16 17 18 19 22 23 32 33 34 35 36 37 42 43 50 51 54 55 56 57 58 59
3 4 5 6 7 8 13 14 15 16 21 22 27 28 29 31 32 33 34 40 41 42 47 48 49 50 53 54 55 56
0 1 2 3 4 5 6 7 14 15 16 17 18 19 20 21 38 39 40 41 42 43 52 53 54 55 56 57 58 59
0 1 2 9 10 11 13 14 15 16 20 23 27 28 29 31 35 36 37 38 39 42 47 48 49 51 52 54 55 56
0 1 12 13 14 15 16 17 18 19 24 25 26 27 28 29 32 33 34 35 36 37 38 39 40 41 50 51 52 53
3 4 5 9 10 11 12 14 15 16 21 23 24 25 26 31 32 33 34 38 39 43 47 48 49 50 52 57 58 59
0 1 2 3 4 5 6 7 8 9 10 11 12 13 44 45 46 47 48 49 50 51 52 53 54 55 56 57 58 59
0 1 2 6 7 8 12 17 18 19 21 23 27 28 29 31 35 36 37 40 41 43 44 45 46 50 52 54 55 56
6 7 8 9 10 11 20 21 24 25 26 27 28 29 32 33 34 35 36 37 42 43 44 45 46 47 48 49 52 53
3 4 5 6 7 8 13 17 18 19 20 23 24 25 26 31 32 33 34 40 41 42 44 45 46 51 52 57 58 59
0 1 2 3 4 5 6 7 22 23 24 25 26 27 28 29 38 39 40 41 42 43 44 45 46 47 48 49 50 51
0 1 2 9 10 11 13 17 18 19 21 22 24 25 26 31 35 36 37 38 39 42 44 45 46 50 53 57 58 59
0 1 12 13 20 21 22 23 32 33 34 35 36 37 38 39 40 41 44 45 46 47 48 49 54 55 56 57 58 59
3 4 5 9 10 11 12 17 18 19 20 22 27 28 29 31 32 33 34 38 39 43 44 45 46 51 53 54 55 56
