# C(60,30,3) <= 15: PG(3,2) hyperplane blow-up, class sizes [7, 1, 6, 1, 6, 0, 7, 1, 7, 1, 7, 1, 7, 1, 7]
0 1 2 3 4 5 6 7 8 9 10 11 12 13 14 15 16 17 18 19 20 21 22 23 24 25 28 36 44 52
0 1 2 3 4 5 6 14 15 16 17 18 19 20 28 29 30 31 32 33 34 35 44 45 46 47 48 49 50 51
8 9 10 11 12 13 14 21 22 23 24 25 26 27 28 37 38 39 40 41 42 43 44 53 54 55 56 57 58 59
0 1 2 3 4 5 6 7 8 9 10 11 12 13 28 29 30 31 32 33 34 35 36 37 38 39 40 41 42 43
7 15 16 17 18 19 20 21 22 23 24 25 26 27 28 36 45 46 47 48 49 50 51 53 54 55 56 57 58 59
0 1 2 3 4 5 6 21 22 23 24 25 26 27 28 29 30 31 32 33 34 35 52 53 54 55 56 57 58 59
0 1 8 9 10 11 12 13 15 16 17 18 19 20 28 37 38 39 40 41 42 43 45 46 47 48 49 50 51 52
0 1 2 3 4 5 6 7 8 9 10 11 12 13 14 15 16 17 18 19 20 21 22 23 24 25 26 27 28 29
7 14 29 30 31 32 33 34 35 37 38 39 40 41 42 43 45 46 47 48 49 50 51 53 54 55 56 57 58 59
0 1 2 3 4 5 6 14 15 16 17 18 19 20 36 37 38 39 40 41 42 43 52 53 54 55 56 57 58 59
8 9 10 11 12 13 14 21 22 23 24 25 26 27 29 30 31 32 33 34 35 36 45 46 47 48 49 50 51 52
0 1 2 3 4 5 6 7 8 9 10 11 12 13 44 45 46 47 48 49 50 51 52 53 54 55 56 57 58 59
7 15 16 17 18 19 20 21 22 23 24 25 26 27 29 30 31 32 33 34 35 37 38 39 40 41 42 43 44 52
0 1 2 3 4 5 6 21 22 23 24 25 26 27 36 37 38 39 40 41 42 43 44 45 46 47 48 49 50 51
0 1 8 9 10 11 12 13 15 16 17 18 19 20 29 30 31 32 33 34 35 36 44 53 54 55 56 57 58 59
